   10000.001500400038        1.6251938309644755E-035
   10000.002500800289        1.6251935057957100E-035
   10000.003501200737        1.6251931806269777E-035
   10000.004501601388        1.6251928554582771E-035
   10000.005502002236        1.6251925302896102E-035
   10000.006502403285        1.6251922051209754E-035
   10000.007502804536        1.6251918799523727E-035
   10000.008503205985        1.6251915547838031E-035
   10000.009503607633        1.6251912296152666E-035
   10000.010504009484        1.6251909044467614E-035
   10000.011504411532        1.6251905792782899E-035
   10000.012504813782        1.6251902541098505E-035
   10000.013505216231        1.6251899289414437E-035
   10000.014505618879        1.6251896037730697E-035
   10000.015506021728        1.6251892786047286E-035
   10000.016506424778        1.6251889534364194E-035
   10000.017506828026        1.6251886282681435E-035
   10000.018507231474        1.6251883030998997E-035
   10000.019507635123        1.6251879779316885E-035
   10000.020508038971        1.6251876527635105E-035
   10000.021508443020        1.6251873275953645E-035
   10000.022508847269        1.6251870024272512E-035
   10000.023509251716        1.6251866772591710E-035
   10000.024509656363        1.6251863520911234E-035
   10000.025510061212        1.6251860269231076E-035
   10000.026510466259        1.6251857017551252E-035
   10000.027510871507        1.6251853765871751E-035
   10000.028511276956        1.6251850514192569E-035
   10000.029511682604        1.6251847262513723E-035
   10000.030512088451        1.6251844010835201E-035
   10000.031512494499        1.6251840759157002E-035
   10000.032512900745        1.6251837507479134E-035
   10000.033513307193        1.6251834255801588E-035
   10000.034513713839        1.6251831004124375E-035
   10000.035514120687        1.6251827752447478E-035
   10000.036514527734        1.6251824500770915E-035
   10000.037514934982        1.6251821249094670E-035
   10000.038515342429        1.6251817997418759E-035
   10000.039515750075        1.6251814745743171E-035
   10000.040516157922        1.6251811494067907E-035
   10000.041516565969        1.6251808242392971E-035
   10000.042516974216        1.6251804990718359E-035
   10000.043517382663        1.6251801739044076E-035
   10000.044517791308        1.6251798487370122E-035
   10000.045518200155        1.6251795235696488E-035
   10000.046518609202        1.6251791984023178E-035
   10000.047519018448        1.6251788732350201E-035
   10000.048519427895        1.6251785480677543E-035
   10000.049519837539        1.6251782229005224E-035
   10000.050520247385        1.6251778977333223E-035
   10000.051520657431        1.6251775725661546E-035
   10000.052521067677        1.6251772473990198E-035
   10000.053521478123        1.6251769222319175E-035
   10000.054521888769        1.6251765970648476E-035
   10000.055522299614        1.6251762718978108E-035
   10000.056522710660        1.6251759467308061E-035
   10000.057523121905        1.6251756215638346E-035
   10000.058523533351        1.6251752963968951E-035
   10000.059523944994        1.6251749712299890E-035
   10000.060524356839        1.6251746460631150E-035
   10000.061524768884        1.6251743208962739E-035
   10000.062525181131        1.6251739957294643E-035
   10000.063525593576        1.6251736705626882E-035
   10000.064526006219        1.6251733453959451E-035
   10000.065526419065        1.6251730202292339E-035
   10000.066526832110        1.6251726950625553E-035
   10000.067527245352        1.6251723698959104E-035
   10000.068527658797        1.6251720447292970E-035
   10000.069528072443        1.6251717195627159E-035
   10000.070528486285        1.6251713943961688E-035
   10000.071528900331        1.6251710692296529E-035
   10000.072529314575        1.6251707440631702E-035
   10000.073529729019        1.6251704188967199E-035
   10000.074530143664        1.6251700937303027E-035
   10000.075530558506        1.6251697685639180E-035
   10000.076530973551        1.6251694433975658E-035
   10000.077531388795        1.6251691182312458E-035
   10000.078531804238        1.6251687930649588E-035
   10000.079532219881        1.6251684678987049E-035
   10000.080532635724        1.6251681427324833E-035
   10000.081533051767        1.6251678175662941E-035
   10000.082533468012        1.6251674924001369E-035
   10000.083533884455        1.6251671672340129E-035
   10000.084534301099        1.6251668420679215E-035
   10000.085534717939        1.6251665169018637E-035
   10000.086535134982        1.6251661917358376E-035
   10000.087535552226        1.6251658665698434E-035
   10000.088535969669        1.6251655414038825E-035
   10000.089536387311        1.6251652162379543E-035
   10000.090536805154        1.6251648910720589E-035
   10000.091537223198        1.6251645659061954E-035
   10000.092537641440        1.6251642407403649E-035
   10000.093538059882        1.6251639155745672E-035
   10000.094538478523        1.6251635904088024E-035
   10000.095538897365        1.6251632652430697E-035
   10000.096539316408        1.6251629400773696E-035
   10000.097539735651        1.6251626149117018E-035
   10000.098540155092        1.6251622897460674E-035
   10000.099540574734        1.6251619645804649E-035
   10000.100540994576        1.6251616394148954E-035
   10000.101541414617        1.6251613142493586E-035
   10000.102541834860        1.6251609890838536E-035
   10000.103542255300        1.6251606639183826E-035
   10000.104542675941        1.6251603387529433E-035
   10000.105543096783        1.6251600135875369E-035
   10000.106543517824        1.6251596884221626E-035
   10000.107543939064        1.6251593632568217E-035
   10000.108544360506        1.6251590380915129E-035
   10000.109544782148        1.6251587129262367E-035
   10000.110545203988        1.6251583877609933E-035
   10000.111545626029        1.6251580625957826E-035
   10000.112546048267        1.6251577374306050E-035
   10000.113546470709        1.6251574122654590E-035
   10000.114546893350        1.6251570871003458E-035
   10000.115547316191        1.6251567619352655E-035
   10000.116547739231        1.6251564367702175E-035
   10000.117548162470        1.6251561116052030E-035
   10000.118548585913        1.6251557864402194E-035
   10000.119549009552        1.6251554612752698E-035
   10000.120549433394        1.6251551361103520E-035
   10000.121549857431        1.6251548109454682E-035
   10000.122550281671        1.6251544857806161E-035
   10000.123550706110        1.6251541606157967E-035
   10000.124551130752        1.6251538354510093E-035
   10000.125551555589        1.6251535102862556E-035
   10000.126551980631        1.6251531851215332E-035
   10000.127552405869        1.6251528599568447E-035
   10000.128552831309        1.6251525347921878E-035
   10000.129553256949        1.6251522096275637E-035
   10000.130553682786        1.6251518844629733E-035
   10000.131554108824        1.6251515592984150E-035
   10000.132554535065        1.6251512341338885E-035
   10000.133554961503        1.6251509089693954E-035
   10000.134555388142        1.6251505838049347E-035
   10000.135555814981        1.6251502586405065E-035
   10000.136556242021        1.6251499334761104E-035
   10000.137556669259        1.6251496083117480E-035
   10000.138557096698        1.6251492831474174E-035
   10000.139557524335        1.6251489579831200E-035
   10000.140557952172        1.6251486328188552E-035
   10000.141558380210        1.6251483076546229E-035
   10000.142558808449        1.6251479824904228E-035
   10000.143559236887        1.6251476573262555E-035
   10000.144559665525        1.6251473321621211E-035
   10000.145560094363        1.6251470069980187E-035
   10000.146560523401        1.6251466818339495E-035
   10000.147560952639        1.6251463566699127E-035
   10000.148561382075        1.6251460315059087E-035
   10000.149561811711        1.6251457063419376E-035
   10000.150562241550        1.6251453811779983E-035
   10000.151562671588        1.6251450560140916E-035
   10000.152563101825        1.6251447308502180E-035
   10000.153563532263        1.6251444056863766E-035
   10000.154563962898        1.6251440805225688E-035
   10000.155564393735        1.6251437553587928E-035
   10000.156564824774        1.6251434301950491E-035
   10000.157565256008        1.6251431050313394E-035
   10000.158565687447        1.6251427798676607E-035
   10000.159566119082        1.6251424547040157E-035
   10000.160566550918        1.6251421295404030E-035
   10000.161566982955        1.6251418043768226E-035
   10000.162567415191        1.6251414792132752E-035
   10000.163567847629        1.6251411540497598E-035
   10000.164568280265        1.6251408288862775E-035
   10000.165568713101        1.6251405037228276E-035
   10000.166569146135        1.6251401785594114E-035
   10000.167569579371        1.6251398533960264E-035
   10000.168570012807        1.6251395282326743E-035
   10000.169570446442        1.6251392030693556E-035
   10000.170570880278        1.6251388779060687E-035
   10000.171571314315        1.6251385527428142E-035
   10000.172571748550        1.6251382275795931E-035
   10000.173572182985        1.6251379024164043E-035
   10000.174572617621        1.6251375772532478E-035
   10000.175573052455        1.6251372520901245E-035
   10000.176573487490        1.6251369269270336E-035
   10000.177573922725        1.6251366017639752E-035
   10000.178574358160        1.6251362766009492E-035
   10000.179574793794        1.6251359514379566E-035
   10000.180575229630        1.6251356262749958E-035
   10000.181575665663        1.6251353011120681E-035
   10000.182576101899        1.6251349759491725E-035
   10000.183576538333        1.6251346507863101E-035
   10000.184576974967        1.6251343256234800E-035
   10000.185577411801        1.6251340004606828E-035
   10000.186577848835        1.6251336752979176E-035
   10000.187578286070        1.6251333501351853E-035
   10000.188578723504        1.6251330249724857E-035
   10000.189579161137        1.6251326998098191E-035
   10000.190579598971        1.6251323746471847E-035
   10000.191580037006        1.6251320494845826E-035
   10000.192580475237        1.6251317243220141E-035
   10000.193580913672        1.6251313991594772E-035
   10000.194581352305        1.6251310739969735E-035
   10000.195581791138        1.6251307488345020E-035
   10000.196582230172        1.6251304236720635E-035
   10000.197582669403        1.6251300985096578E-035
   10000.198583108837        1.6251297733472845E-035
   10000.199583548470        1.6251294481849433E-035
   10000.200583988304        1.6251291230226349E-035
   10000.201584428336        1.6251287978603596E-035
   10000.202584868568        1.6251284726981167E-035
   10000.203585309002        1.6251281475359059E-035
   10000.204585749632        1.6251278223737290E-035
   10000.205586190466        1.6251274972115832E-035
   10000.206586631499        1.6251271720494707E-035
   10000.207587072731        1.6251268468873908E-035
   10000.208587514164        1.6251265217253433E-035
   10000.209587955795        1.6251261965633290E-035
   10000.210588397626        1.6251258714013475E-035
   10000.211588839658        1.6251255462393975E-035
   10000.212589281889        1.6251252210774809E-035
   10000.213589724321        1.6251248959155970E-035
   10000.214590166952        1.6251245707537457E-035
   10000.215590609785        1.6251242455919259E-035
   10000.216591052817        1.6251239204301397E-035
   10000.217591496048        1.6251235952683860E-035
   10000.218591939480        1.6251232701066645E-035
   10000.219592383110        1.6251229449449765E-035
   10000.220592826940        1.6251226197833208E-035
   10000.221593270971        1.6251222946216975E-035
   10000.222593715202        1.6251219694601067E-035
   10000.223594159634        1.6251216442985483E-035
   10000.224594604264        1.6251213191370233E-035
   10000.225595049094        1.6251209939755304E-035
   10000.226595494125        1.6251206688140701E-035
   10000.227595939356        1.6251203436526427E-035
   10000.228596384784        1.6251200184912481E-035
   10000.229596830415        1.6251196933298856E-035
   10000.230597276244        1.6251193681685560E-035
   10000.231597722275        1.6251190430072585E-035
   10000.232598168504        1.6251187178459943E-035
   10000.233598614934        1.6251183926847628E-035
   10000.234599061563        1.6251180675235636E-035
   10000.235599508394        1.6251177423623963E-035
   10000.236599955424        1.6251174172012623E-035
   10000.237600402652        1.6251170920401615E-035
   10000.238600850082        1.6251167668790927E-035
   10000.239601297710        1.6251164417180566E-035
   10000.240601745540        1.6251161165570530E-035
   10000.241602193568        1.6251157913960824E-035
   10000.242602641798        1.6251154662351435E-035
   10000.243603090226        1.6251151410742381E-035
   10000.244603538857        1.6251148159133644E-035
   10000.245603987685        1.6251144907525239E-035
   10000.246604436712        1.6251141655917166E-035
   10000.247604885941        1.6251138404309413E-035
   10000.248605335370        1.6251135152701986E-035
   10000.249605784997        1.6251131901094891E-035
   10000.250606234826        1.6251128649488114E-035
   10000.251606684855        1.6251125397881663E-035
   10000.252607135082        1.6251122146275546E-035
   10000.253607585510        1.6251118894669749E-035
   10000.254608036139        1.6251115643064276E-035
   10000.255608486965        1.6251112391459140E-035
   10000.256608937992        1.6251109139854322E-035
   10000.257609389220        1.6251105888249830E-035
   10000.258609840646        1.6251102636645672E-035
   10000.259610292274        1.6251099385041829E-035
   10000.260610744101        1.6251096133438321E-035
   10000.261611196129        1.6251092881835133E-035
   10000.262611648357        1.6251089630232269E-035
   10000.263612100784        1.6251086378629736E-035
   10000.264612553408        1.6251083127027537E-035
   10000.265613006237        1.6251079875425651E-035
   10000.266613459262        1.6251076623824102E-035
   10000.267613912491        1.6251073372222865E-035
   10000.268614365916        1.6251070120621968E-035
   10000.269614819543        1.6251066869021389E-035
   10000.270615273370        1.6251063617421136E-035
   10000.271615727395        1.6251060365821214E-035
   10000.272616181621        1.6251057114221619E-035
   10000.273616636046        1.6251053862622349E-035
   10000.274617090672        1.6251050611023406E-035
   10000.275617545498        1.6251047359424783E-035
   10000.276618000526        1.6251044107826487E-035
   10000.277618455750        1.6251040856228522E-035
   10000.278618911176        1.6251037604630880E-035
   10000.279619366800        1.6251034353033570E-035
   10000.280619822626        1.6251031101436577E-035
   10000.281620278653        1.6251027849839914E-035
   10000.282620734875        1.6251024598243584E-035
   10000.283621191300        1.6251021346647576E-035
   10000.284621647925        1.6251018095051893E-035
   10000.285622104750        1.6251014843456537E-035
   10000.286622561776        1.6251011591861498E-035
   10000.287623019000        1.6251008340266799E-035
   10000.288623476425        1.6251005088672418E-035
   10000.289623934050        1.6251001837078363E-035
   10000.290624391875        1.6250998585484634E-035
   10000.291624849897        1.6250995333891240E-035
   10000.292625308120        1.6250992082298168E-035
   10000.293625766544        1.6250988830705423E-035
   10000.294626225170        1.6250985579112996E-035
   10000.295626683994        1.6250982327520900E-035
   10000.296627143018        1.6250979075929128E-035
   10000.297627602240        1.6250975824337690E-035
   10000.298628061664        1.6250972572746572E-035
   10000.299628521288        1.6250969321155778E-035
   10000.300628981111        1.6250966069565318E-035
   10000.301629441134        1.6250962817975179E-035
   10000.302629901356        1.6250959566385371E-035
   10000.303630361779        1.6250956314795886E-035
   10000.304630822404        1.6250953063206720E-035
   10000.305631283225        1.6250949811617893E-035
   10000.306631744248        1.6250946560029384E-035
   10000.307632205471        1.6250943308441201E-035
   10000.308632666894        1.6250940056853344E-035
   10000.309633128514        1.6250936805265825E-035
   10000.310633590338        1.6250933553678620E-035
   10000.311634052361        1.6250930302091739E-035
   10000.312634514583        1.6250927050505192E-035
   10000.313634977005        1.6250923798918968E-035
   10000.314635439627        1.6250920547333068E-035
   10000.315635902449        1.6250917295747499E-035
   10000.316636365473        1.6250914044162245E-035
   10000.317636828691        1.6250910792577337E-035
   10000.318637292114        1.6250907540992741E-035
   10000.319637755734        1.6250904289408476E-035
   10000.320638219557        1.6250901037824532E-035
   10000.321638683577        1.6250897786240920E-035
   10000.322639147800        1.6250894534657628E-035
   10000.323639612221        1.6250891283074665E-035
   10000.324640076842        1.6250888031492031E-035
   10000.325640541663        1.6250884779909723E-035
   10000.326641006683        1.6250881528327744E-035
   10000.327641471904        1.6250878276746085E-035
   10000.328641937323        1.6250875025164755E-035
   10000.329642402943        1.6250871773583754E-035
   10000.330642868765        1.6250868522003071E-035
   10000.331643334785        1.6250865270422722E-035
   10000.332643801006        1.6250862018842689E-035
   10000.333644267426        1.6250858767262989E-035
   10000.334644734046        1.6250855515683616E-035
   10000.335645200865        1.6250852264104574E-035
   10000.336645667883        1.6250849012525858E-035
   10000.337646135104        1.6250845760947460E-035
   10000.338646602524        1.6250842509369388E-035
   10000.339647070145        1.6250839257791643E-035
   10000.340647537963        1.6250836006214228E-035
   10000.341648005982        1.6250832754637140E-035
   10000.342648474201        1.6250829503060375E-035
   10000.343648942620        1.6250826251483939E-035
   10000.344649411238        1.6250822999907835E-035
   10000.345649880057        1.6250819748332046E-035
   10000.346650349076        1.6250816496756588E-035
   10000.347650818296        1.6250813245181453E-035
   10000.348651287713        1.6250809993606648E-035
   10000.349651757333        1.6250806742032163E-035
   10000.350652227151        1.6250803490458009E-035
   10000.351652697171        1.6250800238884177E-035
   10000.352653167387        1.6250796987310681E-035
   10000.353653637803        1.6250793735737511E-035
   10000.354654108423        1.6250790484164656E-035
   10000.355654579240        1.6250787232592138E-035
   10000.356655050258        1.6250783981019939E-035
   10000.357655521477        1.6250780729448065E-035
   10000.358655992894        1.6250777477876526E-035
   10000.359656464512        1.6250774226305301E-035
   10000.360656936329        1.6250770974734411E-035
   10000.361657408346        1.6250767723163847E-035
   10000.362657880563        1.6250764471593607E-035
   10000.363658352979        1.6250761220023698E-035
   10000.364658825596        1.6250757968454109E-035
   10000.365659298413        1.6250754716884847E-035
   10000.366659771431        1.6250751465315911E-035
   10000.367660244647        1.6250748213747306E-035
   10000.368660718064        1.6250744962179019E-035
   10000.369661191682        1.6250741710611061E-035
   10000.370661665498        1.6250738459043432E-035
   10000.371662139511        1.6250735207476139E-035
   10000.372662613729        1.6250731955909157E-035
   10000.373663088145        1.6250728704342503E-035
   10000.374663562761        1.6250725452776178E-035
   10000.375664037576        1.6250722201210185E-035
   10000.376664512592        1.6250718949644509E-035
   10000.377664987807        1.6250715698079165E-035
   10000.378665463224        1.6250712446514142E-035
   10000.379665938839        1.6250709194949450E-035
   10000.380666414654        1.6250705943385082E-035
   10000.381666890669        1.6250702691821042E-035
   10000.382667366883        1.6250699440257331E-035
   10000.383667843300        1.6250696188693935E-035
   10000.384668319914        1.6250692937130879E-035
   10000.385668796729        1.6250689685568138E-035
   10000.386669273743        1.6250686434005732E-035
   10000.387669750959        1.6250683182443643E-035
   10000.388670228373        1.6250679930881888E-035
   10000.389670705987        1.6250676679320457E-035
   10000.390671183801        1.6250673427759352E-035
   10000.391671661815        1.6250670176198573E-035
   10000.392672140029        1.6250666924638120E-035
   10000.393672618444        1.6250663673077991E-035
   10000.394673097057        1.6250660421518196E-035
   10000.395673575871        1.6250657169958718E-035
   10000.396674054884        1.6250653918399575E-035
   10000.397674534099        1.6250650666840747E-035
   10000.398675013510        1.6250647415282261E-035
   10000.399675493125        1.6250644163724086E-035
   10000.400675972938        1.6250640912166244E-035
   10000.401676452950        1.6250637660608731E-035
   10000.402676933165        1.6250634409051534E-035
   10000.403677413578        1.6250631157494668E-035
   10000.404677894190        1.6250627905938133E-035
   10000.405678375004        1.6250624654381919E-035
   10000.406678856016        1.6250621402826037E-035
   10000.407679337228        1.6250618151270478E-035
   10000.408679818640        1.6250614899715247E-035
   10000.409680300252        1.6250611648160340E-035
   10000.410680782064        1.6250608396605757E-035
   10000.411681264077        1.6250605145051505E-035
   10000.412681746289        1.6250601893497576E-035
   10000.413682228700        1.6250598641943976E-035
   10000.414682711313        1.6250595390390700E-035
   10000.415683194124        1.6250592138837752E-035
   10000.416683677135        1.6250588887285130E-035
   10000.417684160348        1.6250585635732827E-035
   10000.418684643759        1.6250582384180857E-035
   10000.419685127368        1.6250579132629219E-035
   10000.420685611181        1.6250575881077894E-035
   10000.421686095193        1.6250572629526902E-035
   10000.422686579404        1.6250569377976234E-035
   10000.423687063814        1.6250566126425901E-035
   10000.424687548424        1.6250562874875888E-035
   10000.425688033234        1.6250559623326203E-035
   10000.426688518246        1.6250556371776837E-035
   10000.427689003456        1.6250553120227805E-035
   10000.428689488866        1.6250549868679096E-035
   10000.429689974477        1.6250546617130716E-035
   10000.430690460287        1.6250543365582657E-035
   10000.431690946296        1.6250540114034932E-035
   10000.432691432507        1.6250536862487527E-035
   10000.433691918917        1.6250533610940446E-035
   10000.434692405524        1.6250530359393704E-035
   10000.435692892333        1.6250527107847281E-035
   10000.436693379344        1.6250523856301178E-035
   10000.437693866554        1.6250520604755407E-035
   10000.438694353963        1.6250517353209961E-035
   10000.439694841572        1.6250514101664839E-035
   10000.440695329382        1.6250510850120046E-035
   10000.441695817392        1.6250507598575577E-035
   10000.442696305598        1.6250504347031446E-035
   10000.443696794007        1.6250501095487629E-035
   10000.444697282615        1.6250497843944140E-035
   10000.445697771425        1.6250494592400974E-035
   10000.446698260434        1.6250491340858138E-035
   10000.447698749642        1.6250488089315630E-035
   10000.448699239050        1.6250484837773445E-035
   10000.449699728659        1.6250481586231589E-035
   10000.450700218467        1.6250478334690054E-035
   10000.451700708472        1.6250475083148861E-035
   10000.452701198681        1.6250471831607978E-035
   10000.453701689088        1.6250468580067430E-035
   10000.454702179695        1.6250465328527207E-035
   10000.455702670502        1.6250462076987308E-035
   10000.456703161512        1.6250458825447726E-035
   10000.457703652719        1.6250455573908482E-035
   10000.458704144125        1.6250452322369563E-035
   10000.459704635734        1.6250449070830963E-035
   10000.460705127538        1.6250445819292702E-035
   10000.461705619546        1.6250442567754759E-035
   10000.462706111752        1.6250439316217145E-035
   10000.463706604160        1.6250436064679852E-035
   10000.464707096766        1.6250432813142890E-035
   10000.465707589572        1.6250429561606254E-035
   10000.466708082578        1.6250426310069941E-035
   10000.467708575785        1.6250423058533958E-035
   10000.468709069191        1.6250419806998297E-035
   10000.469709562796        1.6250416555462971E-035
   10000.470710056601        1.6250413303927968E-035
   10000.471710550608        1.6250410052393286E-035
   10000.472711044813        1.6250406800858935E-035
   10000.473711539218        1.6250403549324908E-035
   10000.474712033823        1.6250400297791207E-035
   10000.475712528631        1.6250397046257827E-035
   10000.476713023636        1.6250393794724778E-035
   10000.477713518840        1.6250390543192063E-035
   10000.478714014245        1.6250387291659663E-035
   10000.479714509849        1.6250384040127598E-035
   10000.480715005655        1.6250380788595850E-035
   10000.481715501659        1.6250377537064437E-035
   10000.482715997863        1.6250374285533347E-035
   10000.483716494267        1.6250371034002586E-035
   10000.484716990872        1.6250367782472148E-035
   10000.485717487676        1.6250364530942034E-035
   10000.486717984681        1.6250361279412248E-035
   10000.487718481883        1.6250358027882791E-035
   10000.488718979288        1.6250354776353658E-035
   10000.489719476891        1.6250351524824853E-035
   10000.490719974694        1.6250348273296375E-035
   10000.491720472699        1.6250345021768217E-035
   10000.492720970902        1.6250341770240390E-035
   10000.493721469305        1.6250338518712890E-035
   10000.494721967909        1.6250335267185713E-035
   10000.495722466712        1.6250332015658865E-035
   10000.496722965714        1.6250328764132345E-035
   10000.497723464918        1.6250325512606144E-035
   10000.498723964320        1.6250322261080279E-035
   10000.499724463923        1.6250319009554733E-035
   10000.500724963726        1.6250315758029515E-035
   10000.501725463728        1.6250312506504623E-035
   10000.502725963932        1.6250309254980055E-035
   10000.503726464332        1.6250306003455823E-035
   10000.504726964935        1.6250302751931907E-035
   10000.505727465736        1.6250299500408327E-035
   10000.506727966736        1.6250296248885069E-035
   10000.507728467939        1.6250292997362133E-035
   10000.508728969342        1.6250289745839522E-035
   10000.509729470943        1.6250286494317241E-035
   10000.510729972744        1.6250283242795289E-035
   10000.511730474747        1.6250279991273653E-035
   10000.512730976949        1.6250276739752351E-035
   10000.513731479350        1.6250273488231375E-035
   10000.514731981948        1.6250270236710735E-035
   10000.515732484750        1.6250266985190411E-035
   10000.516732987751        1.6250263733670411E-035
   10000.517733490951        1.6250260482150741E-035
   10000.518733994351        1.6250257230631398E-035
   10000.519734497953        1.6250253979112376E-035
   10000.520735001754        1.6250250727593682E-035
   10000.521735505754        1.6250247476075318E-035
   10000.522736009954        1.6250244224557276E-035
   10000.523736514353        1.6250240973039569E-035
   10000.524737018954        1.6250237721522179E-035
   10000.525737523752        1.6250234470005124E-035
   10000.526738028753        1.6250231218488384E-035
   10000.527738533952        1.6250227966971979E-035
   10000.528739039351        1.6250224715455899E-035
   10000.529739544951        1.6250221463940143E-035
   10000.530740050750        1.6250218212424713E-035
   10000.531740556749        1.6250214960909608E-035
   10000.532741062947        1.6250211709394838E-035
   10000.533741569347        1.6250208457880384E-035
   10000.534742075944        1.6250205206366263E-035
   10000.535742582744        1.6250201954852461E-035
   10000.536743089742        1.6250198703338993E-035
   10000.537743596942        1.6250195451825842E-035
   10000.538744104340        1.6250192200313026E-035
   10000.539744611939        1.6250188948800531E-035
   10000.540745119737        1.6250185697288366E-035
   10000.541745627732        1.6250182445776537E-035
   10000.542746135932        1.6250179194265014E-035
   10000.543746644329        1.6250175942753831E-035
   10000.544747152928        1.6250172691242963E-035
   10000.545747661725        1.6250169439732432E-035
   10000.546748170722        1.6250166188222224E-035
   10000.547748679919        1.6250162936712343E-035
   10000.548749189316        1.6250159685202785E-035
   10000.549749698914        1.6250156433693558E-035
   10000.550750208709        1.6250153182184658E-035
   10000.551750718707        1.6250149930676078E-035
   10000.552751228905        1.6250146679167824E-035
   10000.553751739300        1.6250143427659902E-035
   10000.554752249896        1.6250140176152305E-035
   10000.555752760694        1.6250136924645030E-035
   10000.556753271690        1.6250133673138086E-035
   10000.557753782887        1.6250130421631465E-035
   10000.558754294283        1.6250127170125173E-035
   10000.559754805878        1.6250123918619210E-035
   10000.560755317672        1.6250120667113572E-035
   10000.561755829669        1.6250117415608256E-035
   10000.562756341864        1.6250114164103271E-035
   10000.563756854261        1.6250110912598604E-035
   10000.564757366856        1.6250107661094271E-035
   10000.565757879651        1.6250104409590262E-035
   10000.566758392646        1.6250101158086578E-035
   10000.567758905840        1.6250097906583226E-035
   10000.568759419235        1.6250094655080195E-035
   10000.569759932830        1.6250091403577490E-035
   10000.570760446626        1.6250088152075111E-035
   10000.571760960620        1.6250084900573061E-035
   10000.572761474816        1.6250081649071331E-035
   10000.573761989210        1.6250078397569936E-035
   10000.574762503804        1.6250075146068864E-035
   10000.575763018598        1.6250071894568118E-035
   10000.576763533591        1.6250068643067703E-035
   10000.577764048785        1.6250065391567609E-035
   10000.578764564179        1.6250062140067839E-035
   10000.579765079772        1.6250058888568400E-035
   10000.580765595567        1.6250055637069284E-035
   10000.581766111560        1.6250052385570497E-035
   10000.582766627753        1.6250049134072036E-035
   10000.583767144146        1.6250045882573902E-035
   10000.584767660741        1.6250042631076088E-035
   10000.585768177532        1.6250039379578608E-035
   10000.586768694524        1.6250036128081457E-035
   10000.587769211717        1.6250032876584624E-035
   10000.588769729109        1.6250029625088122E-035
   10000.589770246703        1.6250026373591941E-035
   10000.590770764495        1.6250023122096092E-035
   10000.591771282488        1.6250019870600563E-035
   10000.592771800681        1.6250016619105363E-035
   10000.593772319073        1.6250013367610492E-035
   10000.594772837663        1.6250010116115949E-035
   10000.595773356456        1.6250006864621727E-035
   10000.596773875446        1.6250003613127840E-035
   10000.597774394639        1.6250000361634267E-035
   10000.598774914029        1.6249997110141032E-035
   10000.599775433622        1.6249993858648112E-035
   10000.600775953413        1.6249990607155523E-035
   10000.601776473404        1.6249987355663263E-035
   10000.602776993595        1.6249984104171326E-035
   10000.603777513985        1.6249980852679721E-035
   10000.604778034574        1.6249977601188445E-035
   10000.605778555366        1.6249974349697484E-035
   10000.606779076357        1.6249971098206849E-035
   10000.607779597549        1.6249967846716543E-035
   10000.608780118939        1.6249964595226568E-035
   10000.609780640529        1.6249961343736917E-035
   10000.610781162319        1.6249958092247594E-035
   10000.611781684309        1.6249954840758595E-035
   10000.612782206497        1.6249951589269924E-035
   10000.613782728888        1.6249948337781577E-035
   10000.614783251476        1.6249945086293559E-035
   10000.615783774267        1.6249941834805864E-035
   10000.616784297257        1.6249938583318493E-035
   10000.617784820446        1.6249935331831455E-035
   10000.618785343835        1.6249932080344741E-035
   10000.619785867424        1.6249928828858351E-035
   10000.620786391213        1.6249925577372289E-035
   10000.621786915201        1.6249922325886558E-035
   10000.622787439390        1.6249919074401146E-035
   10000.623787963779        1.6249915822916060E-035
   10000.624788488367        1.6249912571431308E-035
   10000.625789013155        1.6249909319946879E-035
   10000.626789538144        1.6249906068462771E-035
   10000.627790063332        1.6249902816978994E-035
   10000.628790588720        1.6249899565495544E-035
   10000.629791114308        1.6249896314012416E-035
   10000.630791640095        1.6249893062529623E-035
   10000.631792166083        1.6249889811047148E-035
   10000.632792692270        1.6249886559565005E-035
   10000.633793218656        1.6249883308083187E-035
   10000.634793745245        1.6249880056601691E-035
   10000.635794272033        1.6249876805120520E-035
   10000.636794799020        1.6249873553639678E-035
   10000.637795326205        1.6249870302159170E-035
   10000.638795853594        1.6249867050678975E-035
   10000.639796381178        1.6249863799199125E-035
   10000.640796908965        1.6249860547719587E-035
   10000.641797436952        1.6249857296240376E-035
   10000.642797965138        1.6249854044761496E-035
   10000.643798493526        1.6249850793282933E-035
   10000.644799022111        1.6249847541804706E-035
   10000.645799550897        1.6249844290326801E-035
   10000.646800079885        1.6249841038849217E-035
   10000.647800609069        1.6249837787371973E-035
   10000.648801138454        1.6249834535895052E-035
   10000.649801668040        1.6249831284418452E-035
   10000.650802197824        1.6249828032942180E-035
   10000.651802727809        1.6249824781466237E-035
   10000.652803257995        1.6249821529990615E-035
   10000.653803788380        1.6249818278515322E-035
   10000.654804318965        1.6249815027040355E-035
   10000.655804849750        1.6249811775565714E-035
   10000.656805380735        1.6249808524091399E-035
   10000.657805911918        1.6249805272617415E-035
   10000.658806443302        1.6249802021143758E-035
   10000.659806974887        1.6249798769670418E-035
   10000.660807506672        1.6249795518197407E-035
   10000.661808038656        1.6249792266724725E-035
   10000.662808570840        1.6249789015252369E-035
   10000.663809103224        1.6249785763780340E-035
   10000.664809635808        1.6249782512308636E-035
   10000.665810168593        1.6249779260837250E-035
   10000.666810701574        1.6249776009366209E-035
   10000.667811234758        1.6249772757895484E-035
   10000.668811768141        1.6249769506425087E-035
   10000.669812301723        1.6249766254955016E-035
   10000.670812835508        1.6249763003485269E-035
   10000.671813369490        1.6249759752015848E-035
   10000.672813903673        1.6249756500546758E-035
   10000.673814438056        1.6249753249077989E-035
   10000.674814972637        1.6249749997609554E-035
   10000.675815507419        1.6249746746141445E-035
   10000.676816042402        1.6249743494673655E-035
   10000.677816577583        1.6249740243206195E-035
   10000.678817112966        1.6249736991739054E-035
   10000.679817648548        1.6249733740272249E-035
   10000.680818184330        1.6249730488805768E-035
   10000.681818720313        1.6249727237339605E-035
   10000.682819256494        1.6249723985873781E-035
   10000.683819792876        1.6249720734408276E-035
   10000.684820329456        1.6249717482943102E-035
   10000.685820866236        1.6249714231478253E-035
   10000.686821403218        1.6249710980013729E-035
   10000.687821940399        1.6249707728549530E-035
   10000.688822477779        1.6249704477085660E-035
   10000.689823015360        1.6249701225622116E-035
   10000.690823553141        1.6249697974158896E-035
   10000.691824091122        1.6249694722696004E-035
   10000.692824629301        1.6249691471233442E-035
   10000.693825167680        1.6249688219771207E-035
   10000.694825706261        1.6249684968309289E-035
   10000.695826245043        1.6249681716847699E-035
   10000.696826784022        1.6249678465386437E-035
   10000.697827323202        1.6249675213925505E-035
   10000.698827862581        1.6249671962464899E-035
   10000.699828402161        1.6249668711004616E-035
   10000.700828941941        1.6249665459544659E-035
   10000.701829481919        1.6249662208085033E-035
   10000.702830022097        1.6249658956625734E-035
   10000.703830562476        1.6249655705166760E-035
   10000.704831103056        1.6249652453708108E-035
   10000.705831643834        1.6249649202249784E-035
   10000.706832184815        1.6249645950791783E-035
   10000.707832725991        1.6249642699334117E-035
   10000.708833267370        1.6249639447876771E-035
   10000.709833808949        1.6249636196419752E-035
   10000.710834350724        1.6249632944963069E-035
   10000.711834892703        1.6249629693506701E-035
   10000.712835434881        1.6249626442050665E-035
   10000.713835977260        1.6249623190594948E-035
   10000.714836519837        1.6249619939139564E-035
   10000.715837062615        1.6249616687684503E-035
   10000.716837605592        1.6249613436229769E-035
   10000.717838148770        1.6249610184775361E-035
   10000.718838692148        1.6249606933321276E-035
   10000.719839235722        1.6249603681867533E-035
   10000.720839779500        1.6249600430414103E-035
   10000.721840323476        1.6249597178961002E-035
   10000.722840867655        1.6249593927508218E-035
   10000.723841412029        1.6249590676055777E-035
   10000.724841956608        1.6249587424603649E-035
   10000.725842501382        1.6249584173151860E-035
   10000.726843046359        1.6249580921700386E-035
   10000.727843591536        1.6249577670249241E-035
   10000.728844136911        1.6249574418798428E-035
   10000.729844682486        1.6249571167347938E-035
   10000.730845228261        1.6249567915897777E-035
   10000.731845774237        1.6249564664447939E-035
   10000.732846320414        1.6249561412998422E-035
   10000.733846866789        1.6249558161549233E-035
   10000.734847413363        1.6249554910100379E-035
   10000.735847960139        1.6249551658651848E-035
   10000.736848507115        1.6249548407203638E-035
   10000.737849054287        1.6249545155755768E-035
   10000.738849601663        1.6249541904308210E-035
   10000.739850149237        1.6249538652860983E-035
   10000.740850697013        1.6249535401414077E-035
   10000.741851244986        1.6249532149967508E-035
   10000.742851793160        1.6249528898521260E-035
   10000.743852341535        1.6249525647075335E-035
   10000.744852890110        1.6249522395629739E-035
   10000.745853438882        1.6249519144184474E-035
   10000.746853987856        1.6249515892739533E-035
   10000.747854537029        1.6249512641294917E-035
   10000.748855086402        1.6249509389850628E-035
   10000.749855635977        1.6249506138406660E-035
   10000.750856185750        1.6249502886963023E-035
   10000.751856735724        1.6249499635519709E-035
   10000.752857285896        1.6249496384076729E-035
   10000.753857836269        1.6249493132634068E-035
   10000.754858386841        1.6249489881191741E-035
   10000.755858937613        1.6249486629749737E-035
   10000.756859488585        1.6249483378308059E-035
   10000.757860039759        1.6249480126866702E-035
   10000.758860591130        1.6249476875425681E-035
   10000.759861142702        1.6249473623984981E-035
   10000.760861694474        1.6249470372544608E-035
   10000.761862246445        1.6249467121104563E-035
   10000.762862798618        1.6249463869664839E-035
   10000.763863350991        1.6249460618225441E-035
   10000.764863903560        1.6249457366786382E-035
   10000.765864456331        1.6249454115347642E-035
   10000.766865009302        1.6249450863909227E-035
   10000.767865562473        1.6249447612471136E-035
   10000.768866115845        1.6249444361033374E-035
   10000.769866669416        1.6249441109595935E-035
   10000.770867223186        1.6249437858158828E-035
   10000.771867777157        1.6249434606722041E-035
   10000.772868331327        1.6249431355285588E-035
   10000.773868885697        1.6249428103849459E-035
   10000.774869440267        1.6249424852413656E-035
   10000.775869995037        1.6249421600978176E-035
   10000.776870550008        1.6249418349543025E-035
   10000.777871105176        1.6249415098108205E-035
   10000.778871660546        1.6249411846673704E-035
   10000.779872216117        1.6249408595239528E-035
   10000.780872771886        1.6249405343805684E-035
   10000.781873327855        1.6249402092372166E-035
   10000.782873884024        1.6249398840938975E-035
   10000.783874440393        1.6249395589506109E-035
   10000.784874996962        1.6249392338073569E-035
   10000.785875553731        1.6249389086641353E-035
   10000.786876110700        1.6249385835209463E-035
   10000.787876667868        1.6249382583777904E-035
   10000.788877225235        1.6249379332346674E-035
   10000.789877782805        1.6249376080915759E-035
   10000.790878340573        1.6249372829485181E-035
   10000.791878898541        1.6249369578054924E-035
   10000.792879456707        1.6249366326625001E-035
   10000.793880015075        1.6249363075195398E-035
   10000.794880573643        1.6249359823766120E-035
   10000.795881132412        1.6249356572337167E-035
   10000.796881691378        1.6249353320908548E-035
   10000.797882250547        1.6249350069480245E-035
   10000.798882809913        1.6249346818052278E-035
   10000.799883369480        1.6249343566624632E-035
   10000.800883929245        1.6249340315197320E-035
   10000.801884489214        1.6249337063770321E-035
   10000.802885049379        1.6249333812343661E-035
   10000.803885609746        1.6249330560917320E-035
   10000.804886170314        1.6249327309491304E-035
   10000.805886731079        1.6249324058065623E-035
   10000.806887292045        1.6249320806640262E-035
   10000.807887853212        1.6249317555215225E-035
   10000.808888414578        1.6249314303790519E-035
   10000.809888976140        1.6249311052366147E-035
   10000.810889537908        1.6249307800942088E-035
   10000.811890099872        1.6249304549518364E-035
   10000.812890662039        1.6249301298094959E-035
   10000.813891224405        1.6249298046671884E-035
   10000.814891786969        1.6249294795249134E-035
   10000.815892349734        1.6249291543826717E-035
   10000.816892912700        1.6249288292404614E-035
   10000.817893475862        1.6249285040982856E-035
   10000.818894039227        1.6249281789561411E-035
   10000.819894602791        1.6249278538140295E-035
   10000.820895166557        1.6249275286719502E-035
   10000.821895730520        1.6249272035299040E-035
   10000.822896294685        1.6249268783878900E-035
   10000.823896859049        1.6249265532459090E-035
   10000.824897423614        1.6249262281039602E-035
   10000.825897988376        1.6249259029620450E-035
   10000.826898553338        1.6249255778201621E-035
   10000.827899118502        1.6249252526783114E-035
   10000.828899683866        1.6249249275364935E-035
   10000.829900249428        1.6249246023947084E-035
   10000.830900815192        1.6249242772529555E-035
   10000.831901381154        1.6249239521112357E-035
   10000.832901947317        1.6249236269695485E-035
   10000.833902513681        1.6249233018278931E-035
   10000.834903080242        1.6249229766862717E-035
   10000.835903647005        1.6249226515446820E-035
   10000.836904213966        1.6249223264031258E-035
   10000.837904781129        1.6249220012616014E-035
   10000.838905348490        1.6249216761201103E-035
   10000.839905916053        1.6249213509786509E-035
   10000.840906483814        1.6249210258372248E-035
   10000.841907051776        1.6249207006958313E-035
   10000.842907619937        1.6249203755544702E-035
   10000.843908188299        1.6249200504131420E-035
   10000.844908756859        1.6249197252718466E-035
   10000.845909325621        1.6249194001305836E-035
   10000.846909894581        1.6249190749893534E-035
   10000.847910463743        1.6249187498481553E-035
   10000.848911033103        1.6249184247069904E-035
   10000.849911602663        1.6249180995658581E-035
   10000.850912172424        1.6249177744247581E-035
   10000.851912742384        1.6249174492836910E-035
   10000.852913312545        1.6249171241426562E-035
   10000.853913882902        1.6249167990016556E-035
   10000.854914453463        1.6249164738606858E-035
   10000.855915024224        1.6249161487197488E-035
   10000.856915595183        1.6249158235788450E-035
   10000.857916166342        1.6249154984379738E-035
   10000.858916737701        1.6249151732971352E-035
   10000.859917309261        1.6249148481563293E-035
   10000.860917881020        1.6249145230155556E-035
   10000.861918452980        1.6249141978748146E-035
   10000.862919025138        1.6249138727341069E-035
   10000.863919597496        1.6249135475934317E-035
   10000.864920170055        1.6249132224527884E-035
   10000.865920742812        1.6249128973121789E-035
   10000.866921315772        1.6249125721716009E-035
   10000.867921888930        1.6249122470310560E-035
   10000.868922462289        1.6249119218905435E-035
   10000.869923035847        1.6249115967500639E-035
   10000.870923609604        1.6249112716096171E-035
   10000.871924183561        1.6249109464692032E-035
   10000.872924757718        1.6249106213288214E-035
   10000.873925332075        1.6249102961884727E-035
   10000.874925906632        1.6249099710481564E-035
   10000.875926481391        1.6249096459078719E-035
   10000.876927056346        1.6249093207676213E-035
   10000.877927631504        1.6249089956274028E-035
   10000.878928206861        1.6249086704872166E-035
   10000.879928782419        1.6249083453470630E-035
   10000.880929358173        1.6249080202069434E-035
   10000.881929934128        1.6249076950668556E-035
   10000.882930510284        1.6249073699268001E-035
   10000.883931086642        1.6249070447867773E-035
   10000.884931663197        1.6249067196467878E-035
   10000.885932239953        1.6249063945068301E-035
   10000.886932816909        1.6249060693669054E-035
   10000.887933394066        1.6249057442270129E-035
   10000.888933971421        1.6249054190871536E-035
   10000.889934548974        1.6249050939473278E-035
   10000.890935126728        1.6249047688075337E-035
   10000.891935704685        1.6249044436677717E-035
   10000.892936282840        1.6249041185280425E-035
   10000.893936861195        1.6249037933883463E-035
   10000.894937439749        1.6249034682486832E-035
   10000.895938018502        1.6249031431090527E-035
   10000.896938597460        1.6249028179694534E-035
   10000.897939176613        1.6249024928298879E-035
   10000.898939755965        1.6249021676903557E-035
   10000.899940335517        1.6249018425508557E-035
   10000.900940915273        1.6249015174113874E-035
   10000.901941495227        1.6249011922719523E-035
   10000.902942075380        1.6249008671325503E-035
   10000.903942655734        1.6249005419931801E-035
   10000.904943236288        1.6249002168538428E-035
   10000.905943817041        1.6248998917145384E-035
   10000.906944397993        1.6248995665752668E-035
   10000.907944979144        1.6248992414360281E-035
   10000.908945560499        1.6248989162968210E-035
   10000.909946142052        1.6248985911576467E-035
   10000.910946723803        1.6248982660185059E-035
   10000.911947305756        1.6248979408793971E-035
   10000.912947887908        1.6248976157403212E-035
   10000.913948470259        1.6248972906012782E-035
   10000.914949052813        1.6248969654622669E-035
   10000.915949635564        1.6248966403232889E-035
   10000.916950218514        1.6248963151843442E-035
   10000.917950801666        1.6248959900454313E-035
   10000.918951385018        1.6248956649065511E-035
   10000.919951968568        1.6248953397677039E-035
   10000.920952552320        1.6248950146288886E-035
   10000.921953136271        1.6248946894901067E-035
   10000.922953720421        1.6248943643513572E-035
   10000.923954304772        1.6248940392126405E-035
   10000.924954889324        1.6248937140739556E-035
   10000.925955474073        1.6248933889353044E-035
   10000.926956059024        1.6248930637966853E-035
   10000.927956644175        1.6248927386580987E-035
   10000.928957229524        1.6248924135195454E-035
   10000.929957815073        1.6248920883810246E-035
   10000.930958400824        1.6248917632425354E-035
   10000.931958986774        1.6248914381040798E-035
   10000.932959572921        1.6248911129656574E-035
   10000.933960159273        1.6248907878272662E-035
   10000.934960745819        1.6248904626889093E-035
   10000.935961332569        1.6248901375505839E-035
   10000.936961919519        1.6248898124122911E-035
   10000.937962506667        1.6248894872740315E-035
   10000.938963094015        1.6248891621358045E-035
   10000.939963681563        1.6248888369976098E-035
   10000.940964269314        1.6248885118594471E-035
   10000.941964857260        1.6248881867213185E-035
   10000.942965445407        1.6248878615832224E-035
   10000.943966033756        1.6248875364451579E-035
   10000.944966622303        1.6248872113071270E-035
   10000.945967211052        1.6248868861691279E-035
   10000.946967799999        1.6248865610311620E-035
   10000.947968389146        1.6248862358932285E-035
   10000.948968978495        1.6248859107553270E-035
   10000.949969568042        1.6248855856174589E-035
   10000.950970157788        1.6248852604796237E-035
   10000.951970747734        1.6248849353418214E-035
   10000.952971337882        1.6248846102040508E-035
   10000.953971928227        1.6248842850663134E-035
   10000.954972518774        1.6248839599286087E-035
   10000.955973109521        1.6248836347909360E-035
   10000.956973700468        1.6248833096532964E-035
   10000.957974291612        1.6248829845156897E-035
   10000.958974882959        1.6248826593781151E-035
   10000.959975474505        1.6248823342405734E-035
   10000.960976066250        1.6248820091030648E-035
   10000.961976658195        1.6248816839655882E-035
   10000.962977250341        1.6248813588281441E-035
   10000.963977842686        1.6248810336907333E-035
   10000.964978435231        1.6248807085533548E-035
   10000.965979027975        1.6248803834160093E-035
   10000.966979620922        1.6248800582786955E-035
   10000.967980214065        1.6248797331414152E-035
   10000.968980807411        1.6248794080041669E-035
   10000.969981400953        1.6248790828669526E-035
   10000.970981994698        1.6248787577297695E-035
   10000.971982588642        1.6248784325926196E-035
   10000.972983182786        1.6248781074555026E-035
   10000.973983777130        1.6248777823184176E-035
   10000.974984371675        1.6248774571813655E-035
   10000.975984966417        1.6248771320443466E-035
   10000.976985561361        1.6248768069073595E-035
   10000.977986156506        1.6248764817704052E-035
   10000.978986751847        1.6248761566334843E-035
   10000.979987347389        1.6248758314965958E-035
   10000.980987943132        1.6248755063597396E-035
   10000.981988539075        1.6248751812229158E-035
   10000.982989135218        1.6248748560861251E-035
   10000.983989731561        1.6248745309493665E-035
   10000.984990328103        1.6248742058126413E-035
   10000.985990924846        1.6248738806759479E-035
   10000.986991521788        1.6248735555392879E-035
   10000.987992118928        1.6248732304026608E-035
   10000.988992716269        1.6248729052660657E-035
   10000.989993313811        1.6248725801295036E-035
   10000.990993911553        1.6248722549929735E-035
   10000.991994509495        1.6248719298564765E-035
   10000.992995107636        1.6248716047200124E-035
   10000.993995705978        1.6248712795835802E-035
   10000.994996304518        1.6248709544471813E-035
   10000.995996903259        1.6248706293108150E-035
   10000.996997502198        1.6248703041744816E-035
   10000.997998101338        1.6248699790381806E-035
   10000.998998700679        1.6248696539019119E-035
   10000.999999300220        1.6248693287656755E-035
   10001.000999899959        1.6248690036294729E-035
