   2.0000000000000000E-003  -1742317857.0235627     
   3.0000000000000001E-003   25440491443.771435     
   4.0000000000000001E-003  -33956752221.021023     
   5.0000000000000001E-003   22208921298.127827     
   6.0000000000000001E-003   2792344900.8254867     
   7.0000000000000001E-003  -26127246402.694412     
   8.0000000000000002E-003   33870168700.239124     
   9.0000000000000011E-003  -21400527429.230072     
   1.0000000000000000E-002  -3839750972.4737482     
   1.0999999999999999E-002   26788642053.215317     
   1.2000000000000000E-002  -33751241549.509628     
   1.3000000000000001E-002   20572132859.389484     
   1.4000000000000000E-002   4883449791.3043308     
   1.4999999999999999E-002  -27424813521.404736     
   1.6000000000000000E-002   33600237022.963474     
   1.7000000000000001E-002  -19723466183.521915     
   1.8000000000000002E-002  -5923681126.8434191     
   1.9000000000000000E-002   28035362421.983212     
   2.0000000000000000E-002  -33417103954.320335     
   2.1000000000000001E-002   18857738899.009113     
   2.1999999999999999E-002   6954650305.1860962     
   2.3000000000000000E-002  -28617304945.753536     
   2.4000000000000000E-002   33202017455.395535     
   2.5000000000000001E-002  -17971591120.841583     
   2.6000000000000002E-002  -7983746900.3876276     
   2.7000000000000000E-002   29174272332.675045     
   2.8000000000000001E-002  -32955183191.870403     
   2.9000000000000001E-002   17070631073.098658     
   2.9999999999999999E-002   9000465111.0350361     
   3.1000000000000000E-002  -29700971120.913990     
   3.2000000000000001E-002   32676837186.634197     
   3.3000000000000002E-002  -16150994757.917122     
   3.4000000000000002E-002  -10013846386.162775     
   3.5000000000000003E-002   30202371278.592056     
   3.6000000000000004E-002  -32367053867.370560     
   3.6999999999999998E-002   15217869929.632832     
   3.7999999999999999E-002   11012392051.999010     
   3.9000000000000000E-002  -30672121953.764271     
   4.0000000000000001E-002   32026125065.968254     
   4.1000000000000002E-002  -14266422326.826387     
   4.2000000000000003E-002  -12006628283.177538     
   4.3000000000000003E-002   31115912735.949757     
   4.3999999999999997E-002  -31657424616.954319     
   4.4999999999999998E-002   13308118409.684065     
   4.5999999999999999E-002   12981613001.800505     
   4.7000000000000000E-002  -31524794377.578094     
   4.8000000000000001E-002   31253427363.877590     
   4.9000000000000002E-002  -12329445757.713907     
   5.0000000000000003E-002  -13951861190.417393     
   5.1000000000000004E-002   31907556315.134319     
   5.2000000000000005E-002  -30822600140.694965     
   5.2999999999999999E-002   11345688993.933416     
   5.3999999999999999E-002   14901193754.540352     
   5.5000000000000000E-002  -32256919608.603649     
   5.6000000000000001E-002   30361220145.290054     
   5.7000000000000002E-002  -10345322804.173784     
   5.8000000000000003E-002  -15843743782.964228     
   5.9000000000000004E-002   32579255008.679935     
   5.9999999999999998E-002  -29874045471.425381     
   6.0999999999999999E-002   9341940911.4611645     
   6.2000000000000000E-002   16763794053.901524     
   6.3000000000000000E-002  -32865698084.048771     
   6.4000000000000001E-002   29352915108.131351     
   6.5000000000000002E-002  -8321640524.4856472     
   6.6000000000000003E-002  -17675041719.084198     
   6.7000000000000004E-002   33124039562.927143     
   6.8000000000000005E-002  -28804201617.863449     
   6.9000000000000006E-002   7293320045.8571310     
   7.0000000000000007E-002   18569254827.902679     
   7.1000000000000008E-002  -33350457308.446972     
   7.2000000000000008E-002   28232527070.784569     
   7.2999999999999995E-002  -6269573131.3611145     
   7.3999999999999996E-002  -19435527316.533810     
   7.4999999999999997E-002   33543105588.991150     
   7.5999999999999998E-002  -27633338096.327038     
   7.6999999999999999E-002   5231050029.5599842     
   7.8000000000000000E-002   20293390736.606895     
   7.9000000000000001E-002  -33705667500.319759     
   8.0000000000000002E-002   27003525258.007645     
   8.1000000000000003E-002  -4184759165.2863650     
   8.2000000000000003E-002  -21131696131.651543     
   8.3000000000000004E-002   33835745126.634995     
   8.4000000000000005E-002  -26347687413.334824     
   8.5000000000000006E-002   3134435183.7502456     
   8.6000000000000007E-002   21949635573.701756     
   8.7000000000000008E-002  -33936418333.917004     
   8.7999999999999995E-002   25677740695.180611     
   8.8999999999999996E-002  -2097675311.9336817     
   8.9999999999999997E-002  -22734056797.641323     
   9.0999999999999998E-002   33997212389.094913     
   9.1999999999999998E-002  -24971780775.535019     
   9.2999999999999999E-002   1042348474.3824880     
   9.4000000000000000E-002   23509270444.940044     
   9.5000000000000001E-002  -34029726436.566933     
   9.6000000000000002E-002   24242130566.427334     
   9.7000000000000003E-002   13982940.363987111     
   9.8000000000000004E-002  -24261826720.401272     
   9.9000000000000005E-002   34029443882.918915     
  0.10000000000000001       -23489116681.800117     
  0.10100000000000001       -1070300878.8659208     
  0.10200000000000001        24991000337.912651     
  0.10300000000000001       -33996365000.465839     
  0.10400000000000001        22718338201.167709     
  0.10500000000000000        2112638394.0867178     
  0.10600000000000000       -25685189010.427975     
  0.10700000000000000        33931810558.617561     
  0.10800000000000000       -21928631708.767056     
  0.10900000000000000       -3162281122.8449636     
  0.11000000000000000        26365906908.414410     
  0.11100000000000000       -33833779897.724590     
  0.11200000000000000        21110293854.224987     
  0.11300000000000000        4212511373.8427267     
  0.11400000000000000       -27021214313.206001     
  0.11500000000000000        33703141481.792572     
  0.11600000000000001       -20271610673.417942     
  0.11700000000000001       -5258681761.0183010     
  0.11800000000000001        27650479663.581966     
  0.11900000000000001       -33544030861.320328     
  0.12000000000000000        19426208385.445446     
  0.12100000000000000        6283454169.0492373     
  0.12200000000000000       -28242851984.439583     
  0.12300000000000000        33345947578.140350     
  0.12400000000000000       -18549417049.062702     
  0.12500000000000000       -7318588160.0683899     
  0.12600000000000000        28819648098.145302     
  0.12700000000000000       -33120822126.876423     
  0.12800000000000000        17655872462.847847     
  0.12900000000000000        8346668764.4816599     
  0.13000000000000000       -29367692933.244621     
  0.13100000000000001        32861824123.642769     
  0.13200000000000001       -16744335835.165508     
  0.13300000000000001       -9366705155.9431458     
  0.13400000000000001        29887434263.972748     
  0.13500000000000001       -32571155100.665134     
  0.13600000000000001        15816661631.283995     
  0.13700000000000001        10377714260.823803     
  0.13800000000000001       -30378371182.714809     
  0.13900000000000001        32249095194.077351     
  0.14000000000000001       -14873743909.546553     
  0.14100000000000001       -11378721705.662279     
  0.14200000000000002        30840030542.490490     
  0.14300000000000002       -31895954793.394821     
  0.14400000000000002        13925590887.057228     
  0.14499999999999999        12346706835.883101     
  0.14599999999999999       -31258837596.875389     
  0.14699999999999999        31520099736.382263     
  0.14799999999999999       -12967525861.479469     
  0.14899999999999999       -13319029641.378500     
  0.14999999999999999        31656026279.952919     
  0.15100000000000000       -31105560659.566376     
  0.15200000000000000        11987379515.255081     
  0.15300000000000000        14290846033.939749     
  0.15400000000000000       -32038259159.366940     
  0.15500000000000000        30663406327.422333     
  0.15600000000000000       -10990226514.449949     
  0.15700000000000000       -15237009491.532793     
  0.15800000000000000        32369926532.094986     
  0.15900000000000000       -30189172391.608276     
  0.16000000000000000        9987996274.8817692     
  0.16100000000000000        16179715958.444735     
  0.16200000000000001       -32689651121.457893     
  0.16300000000000001        29688532338.350006     
  0.16400000000000001       -8970569468.1102047     
  0.16500000000000001       -17096264012.815947     
  0.16600000000000001        32959069063.098377     
  0.16700000000000001       -29156431300.083973     
  0.16800000000000001        7958406099.7791996     
  0.16900000000000001        17989651156.878799     
  0.17000000000000001       -33206765059.455349     
  0.17100000000000001        28599235054.717159     
  0.17200000000000001       -6916338731.8040047     
  0.17300000000000001       -18889627407.157269     
  0.17400000000000002        33421183244.405415     
  0.17500000000000002       -28020935191.627235     
  0.17599999999999999        5908785665.2562428     
  0.17699999999999999        19736277004.027424     
  0.17799999999999999       -33607189476.766354     
  0.17899999999999999        27419408621.075043     
  0.17999999999999999       -4868344678.1311598     
  0.18099999999999999       -20583725078.048252     
  0.18200000000000000        33750250124.137352     
  0.18300000000000000       -26778764473.488071     
  0.18400000000000000        3823435734.8261800     
  0.18500000000000000        21418468621.503769     
  0.18600000000000000       -33877076776.282459     
  0.18700000000000000        26115907422.176773     
  0.18800000000000000       -2769051706.0953479     
  0.18900000000000000       -22226150390.062580     
  0.19000000000000000        33955514387.677631     
  0.19100000000000000       -25424144725.347572     
  0.19200000000000000        1717806689.7753043     
  0.19300000000000000        23018110798.132618     
  0.19400000000000001       -34016397610.247330     
  0.19500000000000001        24711752269.299683     
  0.19600000000000001       -659086464.53105664     
  0.19700000000000001       -23782913355.281029     
  0.19800000000000001        34029909877.360867     
  0.19900000000000001       -23971537162.662941     
  0.20000000000000001       -394442995.81859565     
  0.20100000000000001        24529038314.095016     
  0.20200000000000001       -34024615018.846256     
  0.20300000000000001        23212354950.969898     
  0.20400000000000001        1453418978.2062800     
  0.20500000000000002       -25248014015.696228     
  0.20600000000000002        33973149863.720825     
  0.20700000000000002       -22426540315.571377     
  0.20800000000000002       -2498851187.8570561     
  0.20899999999999999        25933651005.889919     
  0.20999999999999999       -33904643797.228359     
  0.21099999999999999        21649145124.988575     
  0.21199999999999999        3527270827.5998020     
  0.21299999999999999       -26595074049.125454     
  0.21400000000000000        33789415588.676773     
  0.21500000000000000       -20821404836.017029     
  0.21600000000000000       -4573317687.5161381     
  0.21700000000000000        27241917069.383247     
  0.21800000000000000       -33653113517.473858     
  0.21900000000000000        19978206542.351055     
  0.22000000000000000        5620731124.1657887     
  0.22100000000000000       -27861937270.819275     
  0.22200000000000000        33473545288.248318     
  0.22300000000000000       -19111036630.913506     
  0.22400000000000000       -6656980432.2219534     
  0.22500000000000001        28454929018.230667     
  0.22600000000000001       -33271879954.411057     
  0.22700000000000001        18230269467.974895     
  0.22800000000000001        7692528424.2004471     
  0.22900000000000001       -29021417122.428219     
  0.23000000000000001        33028663782.791225     
  0.23100000000000001       -17327012114.718060     
  0.23200000000000001       -8714986346.7349262     
  0.23300000000000001        29558272133.076954     
  0.23400000000000001       -32762412429.587601     
  0.23500000000000001        16412070668.651255     
  0.23600000000000002        9734677763.3401012     
  0.23700000000000002       -30069044824.455700     
  0.23800000000000002        32456485700.935944     
  0.23900000000000002       -15485475839.512863     
  0.23999999999999999       -10716560186.091839     
  0.24099999999999999        30533034462.989857     
  0.24199999999999999       -32137638681.446278     
  0.24299999999999999        14560661558.306538     
  0.24399999999999999        11708110222.194559     
  0.24500000000000000       -30983543105.933720     
  0.24600000000000000        31764135074.750744     
  0.24700000000000000       -13592724969.140280     
  0.24800000000000000       -12691601030.320074     
  0.24900000000000000        31406600626.777000     
  0.25000000000000000       -31380006543.260059     
  0.25100000000000000        12624029321.931494     
  0.25200000000000000        13668266695.400320     
  0.25300000000000000       -31801206127.237202     
  0.25400000000000000        30953366412.949986     
  0.25500000000000000       -11634254316.951992     
  0.25600000000000001       -14626422901.363245     
  0.25700000000000001        32159121847.226868     
  0.25800000000000001       -30501431958.640663     
  0.25900000000000001        10638742507.109060     
  0.26000000000000001        15575743969.499987     
  0.26100000000000001       -32492801942.982319     
  0.26200000000000001        30016296821.690304     
  0.26300000000000001       -9627442398.6717148     
  0.26400000000000001       -16504872720.162941     
  0.26500000000000001        32787697814.001133     
  0.26600000000000001       -29505301063.263084     
  0.26700000000000002        8612452656.0377750     
  0.26800000000000002        17423190389.938381     
  0.26900000000000002       -33059166460.479122     
  0.27000000000000002        28963540690.803066     
  0.27100000000000002       -7583525120.4870462     
  0.27200000000000002       -18319710707.585457     
  0.27300000000000002        33289905917.178226     
  0.27400000000000002       -28395453069.438793     
  0.27500000000000002        6552969341.7154503     
  0.27600000000000002        19203485668.533470     
  0.27700000000000002       -33498116840.465786     
  0.27800000000000002        27799155473.297138     
  0.27900000000000003       -5510379993.6913576     
  0.28000000000000003       -20063942252.403534     
  0.28100000000000003        33663810584.293137     
  0.28200000000000003       -27176165469.314156     
  0.28300000000000003        4468230068.8739290     
  0.28400000000000003        20909768325.952236     
  0.28500000000000003       -33807961313.606777     
  0.28600000000000003        26527628854.559120     
  0.28700000000000003       -3415997177.3402290     
  0.28800000000000003       -21729175835.623299     
  0.28899999999999998        33917322788.617176     
  0.28999999999999998       -25885590263.764713     
  0.29099999999999998        2413087813.0643449     
  0.29199999999999998        22495356952.522514     
  0.29299999999999998       -33983851116.198471     
  0.29399999999999998        25198579578.962406     
  0.29499999999999998       -1367737319.8504448     
  0.29599999999999999       -23279539337.727436     
  0.29699999999999999        34026510385.307175     
  0.29799999999999999       -24464709689.732628     
  0.29899999999999999        309039368.09866655     
  0.29999999999999999        24023209776.771980     
  0.30099999999999999       -34022610493.417633     
  0.30199999999999999        23726591882.544434     
  0.30299999999999999        725169089.87867343     
  0.30399999999999999       -24751979743.648220     
  0.30499999999999999        33999137781.073505     
  0.30599999999999999       -22945352035.345676     
  0.30700000000000000       -1797717175.1649749     
  0.30800000000000000        25475668785.833786     
  0.30900000000000000       -33956685970.865051     
  0.31000000000000000        22170950784.270649     
  0.31100000000000000        2853651013.0913167     
  0.31200000000000000       -26175971795.412128     
  0.31300000000000000        33869941597.900875     
  0.31400000000000000       -21347612366.126080     
  0.31500000000000000       -3909152534.4131379     
  0.31600000000000000        26824889704.604900     
  0.31700000000000000       -33734844217.566299     
  0.31800000000000000        20521039870.915962     
  0.31900000000000001        4934613564.9564886     
  0.32000000000000001       -27452797915.755928     
  0.32100000000000001        33578696759.848671     
  0.32200000000000001       -19654659709.973587     
  0.32300000000000001       -5993974617.0821848     
  0.32400000000000001        28072812692.300594     
  0.32500000000000001       -33405448843.849464     
  0.32600000000000001        18801311307.116310     
  0.32700000000000001        7031088431.8472586     
  0.32800000000000001       -28669251279.999275     
  0.32900000000000001        33191720061.150333     
  0.33000000000000002       -17901726737.687775     
  0.33100000000000002       -8067137065.1086035     
  0.33200000000000002        29213422257.358498     
  0.33300000000000002       -32927505913.994587     
  0.33400000000000002        16999430128.950890     
  0.33500000000000002        9068056883.5023308     
  0.33600000000000002       -29730797894.671574     
  0.33700000000000002        32658303382.663834     
  0.33800000000000002       -16095682820.935446     
  0.33900000000000002       -10080700257.361958     
  0.34000000000000002        30237589159.324528     
  0.34100000000000003       -32339712919.069435     
  0.34200000000000003        15142100745.043371     
  0.34300000000000003        11100235536.586754     
  0.34400000000000003       -30720977190.936962     
  0.34500000000000003        32002291501.047989     
  0.34600000000000003       -14180125104.728733     
  0.34700000000000003       -12100874430.594566     
  0.34800000000000003        31152020109.331589     
  0.34900000000000003       -31613029919.044388     
  0.35000000000000003        13216001232.724213     
  0.35100000000000003        13054510245.580236     
  0.35199999999999998       -31544012147.403839     
  0.35299999999999998        31227194854.197811     
  0.35399999999999998       -12282500252.438559     
  0.35499999999999998       -13985750064.566435     
  0.35599999999999998        31913682826.058685     
  0.35699999999999998       -30804229395.048027     
  0.35799999999999998        11312398304.785128     
  0.35899999999999999        14938745781.939770     
  0.35999999999999999       -32278518710.642391     
  0.36099999999999999        30350126167.365177     
  0.36199999999999999       -10303477112.531687     
  0.36299999999999999       -15889478339.654303     
  0.36399999999999999        32591720520.315899     
  0.36499999999999999       -29843628910.456009     
  0.36599999999999999        9276013076.0484886     
  0.36699999999999999        16830619266.997162     
  0.36799999999999999       -32884930926.072418     
  0.36899999999999999        29313665203.748001     
  0.37000000000000000       -8255995037.1890192     
  0.37100000000000000       -17721686708.571049     
  0.37200000000000000        33128774080.601105     
  0.37300000000000000       -28773640035.126614     
  0.37400000000000000        7248957133.2865734     
  0.37500000000000000        18610011480.292233     
  0.37600000000000000       -33367598359.640491     
  0.37700000000000000        28207938844.158356     
  0.37800000000000000       -6207760610.6206474     
  0.37900000000000000       -19495516910.426975     
  0.38000000000000000        33556299885.934113     
  0.38100000000000001       -27590081546.015190     
  0.38200000000000001        5165623637.2909193     
  0.38300000000000001        20334191405.927357     
  0.38400000000000001       -33703711648.528717     
  0.38500000000000001        26948656946.442875     
  0.38600000000000001       -4102333933.6639357     
  0.38700000000000001       -21184680260.311344     
  0.38800000000000001        33833627783.313187     
  0.38900000000000001       -26299889343.214748     
  0.39000000000000001        3073870111.8084116     
  0.39100000000000001        21994652425.367184     
  0.39200000000000002       -33942762170.519772     
  0.39300000000000002        25631302916.756096     
  0.39400000000000002       -2016434395.8779285     
  0.39500000000000002       -22801292489.401596     
  0.39600000000000002        34004057099.889626     
  0.39700000000000002       -24911601594.917583     
  0.39800000000000002        958693198.27935755     
  0.39900000000000002        23558547405.987431     
  0.40000000000000002       -34020381745.034645     
  0.40100000000000002        24168595095.182999     
  0.40200000000000002        114509852.62540069     
  0.40300000000000002       -24321394929.348911     
  0.40400000000000003        34017388029.089764     
  0.40500000000000003       -23421077144.371113     
  0.40600000000000003       -1148559559.7985406     
  0.40700000000000003        25040539585.603180     
  0.40800000000000003       -33995151675.591404     
  0.40900000000000003        22659902811.885368     
  0.41000000000000003        2205948221.5881772     
  0.41100000000000003       -25755890701.231441     
  0.41200000000000003        33928095965.416866     
  0.41300000000000003       -21849442049.186077     
  0.41400000000000003       -3263002691.1305923     
  0.41500000000000004        26420063069.008018     
  0.41600000000000004       -33828429858.129318     
  0.41699999999999998        21066366766.998516     
  0.41799999999999998        4263642969.2573915     
  0.41899999999999998       -27043203285.366215     
  0.41999999999999998        33686613540.051022     
  0.42099999999999999       -20235035855.709877     
  0.42199999999999999       -5287637899.0549631     
  0.42299999999999999        27662125038.835762     
  0.42399999999999999       -33535396692.460869     
  0.42499999999999999        19394171405.102013     
  0.42599999999999999        6329075948.7706947     
  0.42699999999999999       -28276856092.069878     
  0.42799999999999999        33343007461.226906     
  0.42899999999999999       -18506561698.650791     
  0.42999999999999999       -7379919252.6834326     
  0.43099999999999999        28860140816.873047     
  0.43200000000000000       -33110804322.007713     
  0.43300000000000000        17597220412.779755     
  0.43400000000000000        8413587609.9603872     
  0.43500000000000000       -29395055508.128479     
  0.43600000000000000        32835841634.479828     
  0.43700000000000000       -16689148573.345028     
  0.43800000000000000       -9411721046.8333797     
  0.43900000000000000        29902703801.458057     
  0.44000000000000000       -32555904449.545265     
  0.44100000000000000        15780175724.426085     
  0.44200000000000000        10421041505.027365     
  0.44300000000000000       -30405821955.917782     
  0.44400000000000001        32239128954.980579     
  0.44500000000000001       -14827753470.279564     
  0.44600000000000001       -11437016964.672792     
  0.44700000000000001        30873018769.037956     
  0.44800000000000001       -31878920854.265499     
  0.44900000000000001        13854899379.952953     
  0.45000000000000001        12433949177.840599     
  0.45100000000000001       -31294175579.622684     
  0.45200000000000001        31479343818.040230     
  0.45300000000000001       -12886220982.471371     
  0.45400000000000001       -13390848226.915478     
  0.45500000000000002        31682731795.022533     
  0.45600000000000002       -31074997788.349545     
  0.45700000000000002        11923139410.568428     
  0.45800000000000002        14352505900.205420     
  0.45900000000000002       -32066488204.499786     
  0.46000000000000002        30638714893.536522     
  0.46100000000000002       -10920573476.282116     
  0.46200000000000002       -15311989226.811232     
  0.46300000000000002        32398448312.537888     
  0.46400000000000002       -30150073030.469536     
  0.46500000000000002        9899190132.9023609     
  0.46600000000000003        16262807499.248457     
  0.46700000000000003       -32711313930.469849     
  0.46800000000000003        29638012385.848236     
  0.46900000000000003       -8884824416.2458382     
  0.47000000000000003       -17163734342.972395     
  0.47100000000000003        32974793663.820103     
  0.47200000000000003       -29115485104.604229     
  0.47300000000000003        7882467159.9212341     
  0.47400000000000003        18062918123.174080     
  0.47500000000000003       -33233277849.092365     
  0.47600000000000003        28566414282.941235     
  0.47700000000000004       -6845198708.1114750     
  0.47800000000000004       -18959365444.223606     
  0.47900000000000004        33452464798.896584     
  0.47999999999999998       -28006558854.980930     
  0.48099999999999998        5856488011.0304232     
  0.48199999999999998        19787138390.435062     
  0.48299999999999998       -33614261524.654408     
  0.48399999999999999        27379707013.440060     
  0.48499999999999999       -4812407106.0463448     
  0.48599999999999999       -20619417988.019794     
  0.48699999999999999        33750659039.550762     
  0.48799999999999999       -26748707256.854126     
  0.48899999999999999        3786465341.5903711     
  0.48999999999999999        21443580795.203247     
  0.49099999999999999       -33869396104.104996     
  0.49199999999999999        26071777406.389660     
  0.49299999999999999       -2718091725.3996429     
  0.49399999999999999       -22265755387.579109     
  0.49500000000000000        33967469363.763184     
  0.49600000000000000       -25394950078.588238     
  0.49700000000000000        1660028509.5131133     
  0.49800000000000000        23065145547.763081     
  0.49900000000000000       -34017930380.719997     
  0.50000000000000000        24667132190.193104     
  0.50100000000000000       -601713806.01115263     
  0.50200000000000000       -23814969161.388512     
  0.50300000000000000        34023141200.576149     
  0.50400000000000000       -23935577330.884434     
  0.50500000000000000       -432510784.23313123     
  0.50600000000000001        24550324957.628860     
  0.50700000000000001       -34023197651.936039     
  0.50800000000000001        23189304386.244095     
  0.50900000000000001        1491056605.0850406     
  0.51000000000000001       -25280797994.066216     
  0.51100000000000001        33975546019.588173     
  0.51200000000000001       -22392217346.765533     
  0.51300000000000001       -2561998158.4982481     
  0.51400000000000001        25987911567.333691     
  0.51500000000000001       -33897667217.038536     
  0.51600000000000001        21574643002.811283     
  0.51700000000000002        3618246875.2599010     
  0.51800000000000002       -26643730681.380451     
  0.51900000000000002        33771611086.667267     
  0.52000000000000002       -20753800187.566998     
  0.52100000000000002       -4644825533.3588285     
  0.52200000000000002        27278953779.216831     
  0.52300000000000002       -33640438693.596222     
  0.52400000000000002        19924583254.648243     
  0.52500000000000002        5689787575.8196878     
  0.52600000000000002       -27906474774.778240     
  0.52700000000000002        33460343444.465569     
  0.52800000000000002       -19044607677.110207     
  0.52900000000000003       -6744565845.4738007     
  0.53000000000000003        28510421050.304470     
  0.53100000000000003       -33255324283.924599     
  0.53200000000000003        18149868865.778587     
  0.53300000000000003        7782480609.8272009     
  0.53400000000000003       -29062134972.897247     
  0.53500000000000003        32999942674.845394     
  0.53600000000000003       -17252380422.608429     
  0.53700000000000003       -8785602337.7645054     
  0.53800000000000003        29587441892.943516     
  0.53900000000000003       -32739561707.714615     
  0.54000000000000004        16352990804.591970     
  0.54100000000000004        9800886469.4947491     
  0.54200000000000004       -30108266435.025951     
  0.54300000000000004        32441637488.043407     
  0.54400000000000004       -15409600200.452843     
  0.54500000000000004       -10823256137.023243     
  0.54600000000000004        30593823206.123127     
  0.54700000000000004       -32100794717.925579     
  0.54800000000000004        14445556927.751940     
  0.54900000000000004        11826851356.290442     
  0.55000000000000004       -31032934636.381149     
  0.55100000000000005        31720020926.513458     
  0.55200000000000005       -13485245653.265442     
  0.55300000000000005       -12791066431.314375     
  0.55400000000000005        31440234788.982754     
  0.55500000000000005       -31334441680.025909     
  0.55600000000000005        12529535427.977098     
  0.55700000000000005        13761035608.560863     
  0.55800000000000005       -31842771872.978920     
  0.55900000000000005        30916138110.414276     
  0.56000000000000005       -11533690111.605145     
  0.56100000000000005       -14735250501.317677     
  0.56200000000000006        32206030218.534325     
  0.56300000000000006       -30451860171.264347     
  0.56400000000000006        10518759678.807686     
  0.56500000000000006        15689069160.202494     
  0.56600000000000006       -32525776118.966049     
  0.56700000000000006        29951558739.523140     
  0.56800000000000006       -9510415944.4353466     
  0.56900000000000006       -16599527085.940298     
  0.57000000000000006        32808796412.573715     
  0.57100000000000006       -29446719767.586254     
  0.57200000000000006        8513104619.5883741     
  0.57300000000000006        17509242189.701969     
  0.57400000000000007       -33086846306.016609     
  0.57500000000000007        28914479410.284191     
  0.57600000000000007       -7513025773.0124226     
  0.57699999999999996       -18346507240.745594     
  0.57799999999999996        33294849327.182438     
  0.57899999999999996       -28407374317.655106     
  0.57999999999999996        6560415189.8861036     
  0.58099999999999996        19203474763.123650     
  0.58199999999999996       -33501197572.844444     
  0.58299999999999996        27802096617.473442     
  0.58399999999999996       -5504570878.4762249     
  0.58499999999999996       -20076582206.469048     
  0.58599999999999997        33668523762.031368     
  0.58699999999999997       -27185680698.629978     
  0.58799999999999997        4481976246.8179674     
  0.58899999999999997        20913829146.342041     
  0.58999999999999997       -33821529311.216202     
  0.59099999999999997        26531452638.897583     
  0.59199999999999997       -3404768899.7014623     
  0.59299999999999997       -21737271513.645031     
  0.59399999999999997        33898096469.756985     
  0.59499999999999997       -25839125915.132343     
  0.59599999999999997        2376659981.6529789     
  0.59699999999999998        22505116340.945667     
  0.59799999999999998       -33973792502.608658     
  0.59899999999999998        25175318580.268250     
  0.59999999999999998       -1342472267.1779397     
  0.60099999999999998       -23306944013.820065     
  0.60199999999999998        34041645903.229164     
  0.60299999999999998       -24447120193.336906     
  0.60399999999999998        258254261.02353936     
  0.60499999999999998        24068907242.570782     
  0.60599999999999998       -34022430797.176311     
  0.60699999999999998        23680531448.038307     
  0.60799999999999998        802886150.80184960     
  0.60899999999999999       -24822803668.623161     
  0.60999999999999999        34024458150.548073     
  0.61099999999999999       -22907149335.231747     
  0.61199999999999999       -1886556731.2825580     
  0.61299999999999999        25539143470.593723     
  0.61399999999999999       -33940086332.848404     
  0.61499999999999999        22093733929.546204     
  0.61599999999999999        2920152341.0528107     
  0.61699999999999999       -26190161663.555668     
  0.61799999999999999        33847080202.713417     
  0.61899999999999999       -21314887048.660397     
  0.62000000000000000       -3946279060.9722409     
  0.62100000000000000        26869035546.534122     
  0.62200000000000000       -33754005504.215302     
  0.62300000000000000        20481522962.862755     
  0.62400000000000000        5021335791.5291767     
  0.62500000000000000       -27513241714.563023     
  0.62600000000000000        33574597998.488766     
  0.62700000000000000       -19605233016.148525     
  0.62800000000000000       -6046311200.8525686     
  0.62900000000000000        28087077111.547390     
  0.63000000000000000       -33382024481.526291     
  0.63100000000000001        18766722377.150448     
  0.63200000000000001        7055821926.4576664     
  0.63300000000000001       -28684792579.702171     
  0.63400000000000001        33194020724.711353     
  0.63500000000000001       -17880211988.164490     
  0.63600000000000001       -8113043280.2283602     
  0.63700000000000001        29251339298.904617     
  0.63800000000000001       -32921116436.846867     
  0.63900000000000001        16948564063.085875     
  0.64000000000000001        9120606545.3849945     
  0.64100000000000001       -29743069705.223969     
  0.64200000000000002        32630627373.196190     
  0.64300000000000002       -16020295614.670042     
  0.64400000000000002       -10179415092.465839     
  0.64500000000000002        30291786281.452160     
  0.64600000000000002       -32314297201.766209     
  0.64700000000000002        15055509710.419277     
  0.64800000000000002        11170169419.753628     
  0.64900000000000002       -30725168844.766171     
  0.65000000000000002        31958530067.265110     
  0.65100000000000002       -14133156732.534277     
  0.65200000000000002       -12132353742.717016     
  0.65300000000000002        31175306392.661892     
  0.65400000000000003       -31615019933.296989     
  0.65500000000000003        13174655301.228899     
  0.65600000000000003        13139284311.645735     
  0.65700000000000003       -31600741840.247509     
  0.65800000000000003        31190647887.367546     
  0.65900000000000003       -12168179486.033939     
  0.66000000000000003       -14098224125.879683     
  0.66100000000000003        31945351895.029625     
  0.66200000000000003       -30741622934.357635     
  0.66300000000000003        11206424405.379868     
  0.66400000000000003        15021104834.015188     
  0.66500000000000004       -32302273741.859871     
  0.66600000000000004        30309299690.611774     
  0.66700000000000004       -10216006590.823431     
  0.66800000000000004       -15986448536.017979     
  0.66900000000000004        32638635341.129284     
  0.67000000000000004       -29799454182.816788     
  0.67100000000000004        9176474124.2160225     
  0.67200000000000004        16905348327.785055     
  0.67300000000000004       -32891516921.627369     
  0.67400000000000004        29261023017.960606     
  0.67500000000000004       -8183566598.7500648     
  0.67600000000000005       -17781009216.301788     
  0.67700000000000005        33152161494.635086     
  0.67800000000000005       -28705400285.951260     
  0.67900000000000005        7093338474.1738558     
  0.68000000000000005        18734680333.960579     
  0.68100000000000005       -33374592033.763031     
  0.68200000000000005        28108705348.950562     
  0.68300000000000005       -6084083612.5669823     
  0.68400000000000005       -19573873622.477772     
  0.68500000000000005        33568368592.700409     
  0.68600000000000005       -27535840777.083073     
  0.68700000000000006        5059267456.5347166     
  0.68800000000000006        20450883343.746265     
  0.68900000000000006       -33748924618.089439     
  0.69000000000000006        26892547632.423412     
  0.69100000000000006       -3984372550.9447794     
  0.69200000000000006       -21284938038.829529     
  0.69300000000000006        33843160831.660690     
  0.69400000000000006       -26214627618.003998     
  0.69500000000000006        2958395323.7984443     
  0.69600000000000006        22064552129.749641     
  0.69700000000000006       -33937384991.341591     
  0.69800000000000006        25564516288.732597     
  0.69900000000000007       -1924851392.5120511     
  0.70000000000000007       -22878775653.420174     
  0.70100000000000007        34022919174.117062     
  0.70200000000000007       -24849018454.254784     
  0.70300000000000007        869383338.68768227     
  0.70399999999999996        23596312657.072407     
  0.70499999999999996       -34020825525.332458     
  0.70599999999999996        24189843148.582424     
  0.70699999999999996        86998525.243614227     
  0.70799999999999996       -24327703782.454540     
  0.70899999999999996        34045247123.221340     
  0.70999999999999996       -23431412263.007179     
  0.71099999999999997       -1171331229.3644626     
  0.71199999999999997        25059592154.756958     
  0.71299999999999997       -33982591003.576496     
  0.71399999999999997        22633270448.175129     
  0.71499999999999997        2205650339.4080000     
  0.71599999999999997       -25727385469.112988     
  0.71699999999999997        33912341585.552876     
  0.71799999999999997       -21868925531.033993     
  0.71899999999999997       -3234328045.3361344     
  0.71999999999999997        26423905340.784218     
  0.72099999999999997       -33840968749.524376     
  0.72199999999999998        21048646341.679489     
  0.72299999999999998        4312154533.7568884     
  0.72399999999999998       -27085003192.110901     
  0.72499999999999998        33683040679.892254     
  0.72599999999999998       -20185995686.035133     
  0.72699999999999998       -5339863381.6888857     
  0.72799999999999998        27676825580.438850     
  0.72899999999999998       -33512967351.320293     
  0.72999999999999998        19360422571.699333     
  0.73099999999999998        6353914431.4107761     
  0.73199999999999998       -28293450253.013920     
  0.73299999999999998        33313593874.056019     
  0.73399999999999999       -18419694351.212784     
  0.73499999999999999       -7448807842.0240765     
  0.73599999999999999        28868978999.962597     
  0.73699999999999999       -33076351185.801083     
  0.73799999999999999        17556463392.866272     
  0.73899999999999999        8447915695.4357681     
  0.73999999999999999       -29428148018.671276     
  0.74099999999999999        32845771620.638031     
  0.74199999999999999       -16648328170.653477     
  0.74299999999999999       -9494045401.3367653     
  0.74399999999999999        29957825417.084167     
  0.74500000000000000       -32531182243.091862     
  0.74600000000000000        15694178837.370163     
  0.74700000000000000        10490849769.344130     
  0.74800000000000000       -30410879519.148190     
  0.74900000000000000        32197051271.513145     
  0.75000000000000000       -14781891310.265463     
  0.75100000000000000       -11460821632.667482     
  0.75200000000000000        30881679102.962818     
  0.75300000000000000       -31874151735.431637     
  0.75400000000000000        13831796057.710150     
  0.75500000000000000        12476005485.430954     
  0.75600000000000001       -31326864136.901085     
  0.75700000000000001        31469727504.540169     
  0.75800000000000001       -12834043179.658020     
  0.75900000000000001       -13442904210.227526     
  0.76000000000000001        31691924276.557861     
  0.76100000000000001       -31041574328.833908     
  0.76200000000000001        11880524423.331507     
  0.76300000000000001        14375419944.311247     
  0.76400000000000001       -32070316042.307125     
  0.76500000000000001        30629124561.012444     
  0.76600000000000001       -10896618783.745150     
  0.76700000000000002       -15350949989.368370     
  0.76800000000000002        32409023934.755489     
  0.76900000000000002       -30102002295.152065     
  0.77000000000000002        9845654689.5428123     
  0.77100000000000002        16290389673.879686     
  0.77200000000000002       -32722605602.549324     
  0.77300000000000002        29630572087.612816     
  0.77400000000000002       -8843546809.3830242     
  0.77500000000000002       -17234116069.523754     
  0.77600000000000002        33017566063.361618     
  0.77700000000000002       -29083355601.381889     
  0.77800000000000002        7791945492.9527464     
  0.77900000000000003        18132232447.947315     
  0.78000000000000003       -33228077312.191097     
  0.78100000000000003        28505848480.611992     
  0.78200000000000003       -6787701858.8747787     
  0.78300000000000003       -18983971914.796631     
  0.78400000000000003        33444263938.323059     
  0.78500000000000003       -27951238382.816853     
  0.78600000000000003        5766097282.0774393     
  0.78700000000000003        19874211947.112076     
  0.78800000000000003       -33646215433.616409     
  0.78900000000000003        27325137247.467705     
  0.79000000000000004       -4694473638.6209373     
  0.79100000000000004       -20720962591.452976     
  0.79200000000000004        33762109816.943192     
  0.79300000000000004       -26665179711.619770     
  0.79400000000000004        3671526077.5028272     
  0.79500000000000004        21514715114.762791     
  0.79600000000000004       -33879047014.827557     
  0.79700000000000004        26032147009.179401     
  0.79800000000000004       -2639187833.7577057     
  0.79900000000000004       -22343832561.270683     
  0.80000000000000004        33986257262.866467     
  0.80100000000000005       -25332531739.843369     
  0.80200000000000005        1556733942.1055346     
  0.80300000000000005        23133132840.389519     
  0.80400000000000005       -34008897775.866978     
  0.80500000000000005        24596963266.397392     
  0.80600000000000005       -496042627.53464365     
  0.80700000000000005       -23916540039.499622     
  0.80800000000000005        34051039763.947857     
  0.80900000000000005       -23850701997.812473     
  0.81000000000000005       -588474570.76127207     
  0.81100000000000005        24660851599.694561     
  0.81200000000000006       -34006089218.625675     
  0.81300000000000006        23065259971.081490     
  0.81400000000000006        1623044521.2565312     
  0.81500000000000006       -25342087962.873997     
  0.81600000000000006        33954395651.876873     
  0.81700000000000006       -22312975379.123913     
  0.81800000000000006       -2653463201.7712026     
  0.81900000000000006        26052750712.427738     
  0.82000000000000006       -33900719974.216808     
  0.82100000000000006        21503620766.191826     
  0.82200000000000006        3733192751.9265575     
  0.82300000000000006       -26727388729.968819     
  0.82400000000000007        33760336236.914078     
  0.82500000000000007       -20652360042.756329     
  0.82600000000000007       -4762791479.2213726     
  0.82700000000000007        27333665957.005909     
  0.82800000000000007       -33608642505.770504     
  0.82900000000000007        19837593218.417980     
  0.83000000000000007        5780208388.3140354     
  0.83100000000000007       -27965488396.711609     
  0.83200000000000007        33459609576.865940     
  0.83299999999999996       -19010360227.441822     
  0.83399999999999996       -6748017092.7825136     
  0.83499999999999996        28483740510.843967     
  0.83599999999999997       -33236749846.931122     
  0.83699999999999997        18166493775.403828     
  0.83799999999999997        7752555791.3416929     
  0.83899999999999997       -29062338846.423183     
  0.83999999999999997        33027443311.722336     
  0.84099999999999997       -17268988757.117096     
  0.84199999999999997       -8804471695.6903782     
  0.84299999999999997        29610599066.020409     
  0.84399999999999997       -32733662301.437759     
  0.84499999999999997        16325898497.272970     
  0.84599999999999997        9806884714.0661182     
  0.84699999999999998       -30083124092.034142     
  0.84799999999999998        32421315447.778042     
  0.84899999999999998       -15424080386.786711     
  0.84999999999999998       -10784214608.976053     
  0.85099999999999998        30574377239.172333     
  0.85199999999999998       -32119169491.239532     
  0.85299999999999998        14482812020.284376     
  0.85399999999999998        11807202216.688087     
  0.85499999999999998       -31039114729.128777     
  0.85599999999999998        31734872156.617077     
  0.85699999999999998       -13494223889.731647     
  0.85799999999999998       -12796563487.397087     
  0.85899999999999999        31454326869.702888     
  0.85999999999999999       -31342712130.071114     
  0.86099999999999999        12513637891.480116     
  0.86199999999999999        13794821120.113701     
  0.86299999999999999       -31859883223.315815     
  0.86399999999999999        30898637985.940273     
  0.86499999999999999       -11498908487.300030     
  0.86599999999999999       -14745402663.151005     
  0.86699999999999999        32183951376.771427     
  0.86799999999999999       -30429000556.515419     
  0.86899999999999999        10529365284.874388     
  0.87000000000000000        15658269807.952957     
  0.87100000000000000       -32519309057.997879     
  0.87200000000000000        29977052840.510105     
  0.87300000000000000       -9532891066.4168873     
  0.87400000000000000       -16613031529.918932     
  0.87500000000000000        32835070259.096375     
  0.87600000000000000       -29448432650.068287     
  0.87700000000000000        8487102196.2353735     
  0.87800000000000000        17521755511.595638     
  0.87900000000000000       -33066849018.743557     
  0.88000000000000000        28890369068.797508     
  0.88100000000000001       -7488314474.1846609     
  0.88200000000000001       -18385664001.946636     
  0.88300000000000001        33305349983.465885     
  0.88400000000000001       -28354259029.417736     
  0.88500000000000001        6470373848.6396742     
  0.88600000000000001        19288740142.220520     
  0.88700000000000001       -33528607523.452061     
  0.88800000000000001        27745627144.339207     
  0.88900000000000001       -5402495988.0465794     
  0.89000000000000001       -20147811790.066120     
  0.89100000000000001        33666108757.876270     
  0.89200000000000002       -27103924319.819626     
  0.89300000000000002        4352284731.8765116     
  0.89400000000000002        21016843923.423237     
  0.89500000000000002       -33836453541.320393     
  0.89600000000000002        26449373766.169064     
  0.89700000000000002       -3274602051.7207942     
  0.89800000000000002       -21837872287.870659     
  0.89900000000000002        33909053698.012733     
  0.90000000000000002       -25753842932.615520     
  0.90100000000000002        2246056370.4182854     
  0.90200000000000002        22603045805.157116     
  0.90300000000000002       -33980590038.134743     
  0.90400000000000003        25086989778.550274     
  0.90500000000000003       -1211765938.2705865     
  0.90600000000000003       -23402060227.533672     
  0.90700000000000003        34044474157.454807     
  0.90800000000000003       -24355971491.484203     
  0.90900000000000003        127457852.91830833     
  0.91000000000000003        24161327362.028446     
  0.91100000000000003       -34021282536.259983     
  0.91200000000000003        23586439188.229210     
  0.91300000000000003        907004515.97808278     
  0.91400000000000003       -24858796935.422985     
  0.91500000000000004        33992394666.658043     
  0.91600000000000004       -22849265796.787788     
  0.91700000000000004       -1939147034.3897359     
  0.91800000000000004        25586540402.196224     
  0.91900000000000004       -33960471084.007782     
  0.92000000000000004        22053650711.393940     
  0.92100000000000004        3020779642.6201096     
  0.92200000000000004       -26277533532.037743     
  0.92300000000000004        33841686615.969692     
  0.92400000000000004       -21216717764.798180     
  0.92500000000000004       -4052285378.9851742     
  0.92600000000000005        26901316468.511929     
  0.92700000000000005       -33712622328.465496     
  0.92800000000000005        20376928367.816334     
  0.92900000000000005        5150664620.7505636     
  0.93000000000000005       -27590165635.022713     
  0.93100000000000005        33553179046.690483     
  0.93200000000000005       -19498188413.252792     
  0.93300000000000005       -6175091589.2540531     
  0.93400000000000005        28160687314.645157     
  0.93500000000000005       -33356503906.194847     
  0.93600000000000005        18657354173.368462     
  0.93700000000000006        7183724491.7250462     
  0.93800000000000006       -28754919432.547771     
  0.93900000000000006        33164590416.127491     
  0.94000000000000006       -17768799915.158100     
  0.94100000000000006       -8240008497.4431782     
  0.94200000000000006        29318133980.652451     
  0.94300000000000006       -32887851669.074196     
  0.94400000000000006        16835024595.978970     
  0.94500000000000006        9246661218.1698647     
  0.94600000000000006       -29806361374.745796     
  0.94700000000000006        32593347795.258877     
  0.94800000000000006       -15942027712.780991     
  0.94900000000000007       -10229663702.175701     
  0.95000000000000007        30314111016.168633     
  0.95100000000000007       -32308202219.854401     
  0.95200000000000007        15008255816.816395     
  0.95300000000000007        11258671955.560957     
  0.95400000000000007       -30794619820.866592     
  0.95500000000000007        31940421776.306778     
  0.95600000000000007       -14027454788.647154     
  0.95700000000000007       -12238915651.534430     
  0.95800000000000007        31196365055.524391     
  0.95900000000000007       -31586646769.077084     
  0.95999999999999996        13162017993.157665     
  0.96099999999999997        13137342908.808817     
  0.96199999999999997       -31599957193.220818     
  0.96299999999999997        31191488577.136745     
  0.96399999999999997       -12170144911.838154     
  0.96499999999999997       -14096306743.248566     
  0.96599999999999997        31944627591.508289     
  0.96699999999999997       -30742524692.289619     
  0.96799999999999997        11208413420.459414     
  0.96899999999999997        15019216375.690073     
  0.96999999999999997       -32301612787.977093     
  0.97099999999999997        30310259592.704807     
  0.97199999999999998       -10218014107.863398     
  0.97299999999999998       -15984590650.337215     
  0.97399999999999998        32638034908.598640     
  0.97499999999999998       -29800469773.923958     
  0.97599999999999998        9178500764.8836517     
  0.97699999999999998        16903519847.386070     
  0.97799999999999998       -32890978546.178482     
  0.97899999999999998        29262096845.716442     
  0.97999999999999998       -8185611223.4512653     
  0.98099999999999998       -17779214817.899048     
  0.98199999999999998        33151688239.977444     
  0.98299999999999998       -28706530041.035591     
  0.98399999999999999        7095396866.4910431     
  0.98499999999999999        18732921395.278820     
  0.98599999999999999       -33374182963.990276     
  0.98699999999999999        28109891125.797058     
  0.98799999999999999       -6086156082.0829611     
  0.98899999999999999       -19572152112.096889     
  0.98999999999999999        33568025530.569382     
  0.99099999999999999       -27537079847.285660     
  0.99199999999999999        5061348702.4827061     
  0.99299999999999999        20449201297.445007     
  0.99399999999999999       -33748644572.272366     
  0.99500000000000000        26893836826.805363     
  0.99600000000000000       -3986462716.2828078     
  0.99700000000000000       -21283293857.796051     
  0.99800000000000000        33842944518.432308     
  0.99900000000000000       -26215969179.145386     
