   2.0000000000000000E-003  -1742317857.0235627        2.4725690746465413E-008
   3.0000000000000001E-003   25440491443.771435        3.0482291590900300E-008
   4.0000000000000001E-003  -33956752221.021023        2.7845219872353828E-008
   5.0000000000000001E-003   22208921298.127827        1.7540625606961169E-008
   6.0000000000000001E-003   2792344900.8254867        2.4060051128766451E-009
   7.0000000000000001E-003  -26127246402.694412       -1.3391138375652792E-008
   8.0000000000000002E-003   33870168700.239124       -2.5500867798359101E-008
   9.0000000000000011E-003  -21400527429.230072       -3.0588620748823972E-008
   1.0000000000000000E-002  -3839750972.4737482       -2.7253422099563861E-008
   1.0999999999999999E-002   26788642053.215317       -1.6413659672928390E-008
   1.2000000000000000E-002  -33751241549.509628       -1.0541948989830132E-009
   1.3000000000000001E-002   20572132859.389484        1.4595555360003444E-008
   1.4000000000000000E-002   4883449791.3043308        2.6226240575884320E-008
   1.4999999999999999E-002  -27424813521.404736        3.0635209035480661E-008
   1.6000000000000000E-002   33600237022.963474        2.6608397239661950E-008
   1.7000000000000001E-002  -19723466183.521915        1.5254637166695409E-008
   1.8000000000000002E-002  -5923681126.8434191       -2.9967420217680561E-010
   1.9000000000000000E-002   28035362421.983212       -1.5771466606845058E-008
   2.0000000000000000E-002  -33417103954.320335       -2.6900392395298139E-008
   2.1000000000000001E-002   18857738899.009113       -3.0621965461974363E-008
   2.1999999999999999E-002   6954650305.1860962       -2.5911405053506088E-008
   2.3000000000000000E-002  -28617304945.753536       -1.4065821708283196E-008
   2.4000000000000000E-002   33202017455.395535        1.6529580269333197E-009
   2.5000000000000001E-002  -17971591120.841583        1.6916575511731245E-008
   2.6000000000000002E-002  -7983746900.3876276        2.7522006609557723E-008
   2.7000000000000000E-002   29174272332.675045        3.0548915893564769E-008
   2.8000000000000001E-002  -32955183191.870403        2.5163806796342430E-008
   2.9000000000000001E-002   17070631073.098658        1.2849535104609560E-008
   2.9999999999999999E-002   9000465111.0350361       -3.0030135546866038E-009
   3.1000000000000000E-002  -29700971120.913990       -1.8028645628493495E-008
   3.2000000000000001E-002   32676837186.634197       -2.8089869179787005E-008
   3.3000000000000002E-002  -16150994757.917122       -3.0416202999151473E-008
   3.4000000000000002E-002  -10013846386.162775       -2.4367062559216183E-008
   3.5000000000000003E-002   30202371278.592056       -1.1608152814901968E-008
   3.6000000000000004E-002  -32367053867.370560        4.3472040698374335E-009
   3.6999999999999998E-002   15217869929.632832        1.9105505037115247E-008
   3.7999999999999999E-002   11012392051.999010        2.8602871046346374E-008
   3.9000000000000000E-002  -30672121953.764271        3.0224085972635602E-008
   4.0000000000000001E-002   32026125065.968254        2.3522728417351967E-008
   4.1000000000000002E-002  -14266422326.826387        1.0344099311325155E-008
   4.2000000000000003E-002  -12006628283.177538       -5.6829043114045075E-009
   4.3000000000000003E-002   31115912735.949757       -2.0145050585583475E-008
   4.3999999999999997E-002  -31657424616.954319       -2.9060010294872852E-008
   4.4999999999999998E-002   13308118409.684065       -2.9972940026703032E-008
   4.5999999999999999E-002   12981613001.800505       -2.2632453391073000E-008
   4.7000000000000000E-002  -31524794377.578094       -9.0598433438842619E-009
   4.8000000000000001E-002   31253427363.877590        7.0075056002702740E-009
   4.9000000000000002E-002  -12329445757.713907        2.1145251997433648E-008
   5.0000000000000003E-002  -13951861190.417393        2.9460394113061508E-008
   5.1000000000000004E-002   31907556315.134319        2.9663255660018191E-008
   5.2000000000000005E-002  -30822600140.694965        2.1697976225194746E-008
   5.2999999999999999E-002   11345688993.933416        7.7578931188516791E-009
   5.3999999999999999E-002   14901193754.540352       -8.3184209340416476E-009
   5.5000000000000000E-002  -32256919608.603649       -2.2104155836965812E-008
   5.6000000000000001E-002   30361220145.290054       -2.9803240534365448E-008
   5.7000000000000002E-002  -10345322804.173784       -2.9295637699259467E-008
   5.8000000000000003E-002  -15843743782.964228       -2.0721121993182503E-008
   5.9000000000000004E-002   32579255008.679935       -6.4407914001338396E-009
   5.9999999999999998E-002  -29874045471.425381        9.6130900395752375E-009
   6.0999999999999999E-002   9341940911.4611645        2.3019889324386843E-008
   6.2000000000000000E-002   16763794053.901524        3.0087879965209868E-008
   6.3000000000000000E-002  -32865698084.048771        2.8870804117867041E-008
   6.4000000000000001E-002   29352915108.131351        1.9703798532705678E-008
   6.5000000000000002E-002  -8321640524.4856472        5.1111105431458738E-009
   6.6000000000000003E-002  -17675041719.084198       -1.0888984373299186E-008
   6.7000000000000004E-002   33124039562.927143       -2.3890663993428987E-008
   6.8000000000000005E-002  -28804201617.863449       -3.0313756492736209E-008
   6.9000000000000006E-002   7293320045.8571310       -2.8389584633810387E-008
   7.0000000000000007E-002   18569254827.902679       -1.8647992719550154E-008
   7.1000000000000008E-002  -33350457308.446972       -3.7714474708924174E-009
   7.2000000000000008E-002   28232527070.784569        1.2143612059565752E-008
   7.2999999999999995E-002  -6269573131.3611145        2.4714779184300154E-008
   7.3999999999999996E-002  -19435527316.533810        3.0480428970523889E-008
   7.4999999999999997E-002   33543105588.991150        2.7852919089113910E-008
   7.5999999999999998E-002  -27633338096.327038        1.7555766587165697E-008
   7.6999999999999999E-002   5231050029.5599842        2.4244186020671373E-009
   7.8000000000000000E-002   20293390736.606895       -1.3374522757390030E-008
   7.9000000000000001E-002  -33705667500.319759       -2.5490625365144200E-008
   8.0000000000000002E-002   27003525258.007645       -3.0587571880168024E-008
   8.1000000000000003E-002  -4184759165.2863650       -2.7261855614305569E-008
   8.2000000000000003E-002  -21131696131.651543       -1.6429253299427410E-008
   8.3000000000000004E-002   33835745126.634995       -1.0726547410762468E-009
   8.4000000000000005E-002  -26347687413.334824        1.4579312446069556E-008
   8.5000000000000006E-002   3134435183.7502456        2.6216687275525231E-008
   8.6000000000000007E-002   21949635573.701756        3.0634975967030005E-008
   8.7000000000000008E-002  -33936418333.917004        2.6617548581374059E-008
   8.7999999999999995E-002   25677740695.180611        1.5270652984476176E-008
   8.8999999999999996E-002  -2097675311.9336817       -2.8120406003393515E-010
   8.9999999999999997E-002  -22734056797.641323       -1.5755628120338559E-008
   9.0999999999999998E-002   33997212389.094913       -2.6891546885794979E-008
   9.1999999999999998E-002  -24971780775.535019       -3.0622548648921686E-008
   9.2999999999999999E-002   1042348474.3824880       -2.5921256349230731E-008
   9.4000000000000000E-002   23509270444.940044       -1.4082228437775598E-008
   9.5000000000000001E-002  -34029726436.566933        1.6345136577103400E-009
   9.6000000000000002E-002   24242130566.427334        1.6901172385886776E-008
   9.7000000000000003E-002   13982940.363987111        2.7513886166564944E-008
   9.8000000000000004E-002  -24261826720.401272        3.0550314196921210E-008
   9.9000000000000005E-002   34029443882.918915        2.5174338806082074E-008
  0.10000000000000001       -23489116681.800117        1.2866300702776325E-008
  0.10100000000000001       -1070300878.8659208       -2.9846309810174202E-009
  0.10200000000000001        24991000337.912651       -1.8013707946267993E-008
  0.10300000000000001       -33996365000.465839       -2.8082489662873555E-008
  0.10400000000000001        22718338201.167709       -3.0418413687971380E-008
  0.10500000000000000        2112638394.0867178       -2.4378254713509893E-008
  0.10600000000000000       -25685189010.427975       -1.1625244537820144E-008
  0.10700000000000000        33931810558.617561        4.3289191936666430E-009
  0.10800000000000000       -21928631708.767056        1.9091061972434397E-008
  0.10900000000000000       -3162281122.8449636        2.8596246868021185E-008
  0.11000000000000000        26365906908.414410        3.0227104729350143E-008
  0.11100000000000000       -33833779897.724590        2.3534558857448604E-008
  0.11200000000000000        21110293854.224987        1.0361483778136291E-008
  0.11300000000000000        4212511373.8427267       -5.6647528438693505E-009
  0.11400000000000000       -27021214313.206001       -2.0131130346364043E-008
  0.11500000000000000        33703141481.792572       -2.9054154392436657E-008
  0.11600000000000001       -20271610673.417942       -2.9976760955552466E-008
  0.11700000000000001       -5258681761.0183010       -2.2644899011622281E-008
  0.11800000000000001        27650479663.581966       -9.0774866019887296E-009
  0.11900000000000001       -33544030861.320328        6.9895229919552717E-009
  0.12000000000000000        19426208385.445446        2.1131881770492164E-008
  0.12100000000000000        6283454169.0492373        2.9455317923339677E-008
  0.12200000000000000       -28242851984.439583        2.9667871298566746E-008
  0.12300000000000000        33345947578.140350        2.1711012719372819E-008
  0.12400000000000000       -18549417049.062702        7.7757607102194784E-009
  0.12500000000000000       -7318588160.0683899       -8.3006423057421252E-009
  0.12600000000000000        28819648098.145302       -2.2091361734921471E-008
  0.12700000000000000       -33120822126.876423       -2.9798953971371394E-008
  0.12800000000000000        17655872462.847847       -2.9301039032969730E-008
  0.12900000000000000        8346668764.4816599       -2.0734723900164317E-008
  0.13000000000000000       -29367692933.244621       -6.4588484286026381E-009
  0.13100000000000001        32861824123.642769        9.5955501137049063E-009
  0.13200000000000001       -16744335835.165508        2.3007696334662571E-008
  0.13300000000000001       -9366705155.9431458        3.0084391400782495E-008
  0.13400000000000001        29887434263.972748        2.8876980597705614E-008
  0.13500000000000001       -32571155100.665134        1.9717939287391091E-008
  0.13600000000000001        15816661631.283995        5.1293217425746254E-009
  0.13700000000000001        10377714260.823803       -1.0871717406075794E-008
  0.13800000000000001       -30378371182.714809       -2.3879095929449943E-008
  0.13900000000000001        32249095194.077351       -3.0311072740189603E-008
  0.14000000000000001       -14873743909.546553       -2.8396524196850596E-008
  0.14100000000000001       -11378721705.662279       -1.8662644704446656E-008
  0.14200000000000002        30840030542.490490       -3.7897772740377003E-009
  0.14300000000000002       -31895954793.394821        1.2126651774107285E-008
  0.14400000000000002        13925590887.057228        2.4703858638984961E-008
  0.14499999999999999        12346706835.883101        3.0478555271340458E-008
  0.14599999999999999       -31258837596.875389        2.7860608182095339E-008
  0.14699999999999999        31520099736.382263        1.7570901186326487E-008
  0.14799999999999999       -12967525861.479469        2.4428312100474336E-009
  0.14899999999999999       -13319029641.378500       -1.3357902277851981E-008
  0.14999999999999999        31656026279.952919       -2.5480373666780243E-008
  0.15100000000000000       -31105560659.566376       -3.0586511893761440E-008
  0.15200000000000000        11987379515.255081       -2.7270279220104210E-008
  0.15300000000000000        14290846033.939749       -1.6444840954339609E-008
  0.15400000000000000       -32038259159.366940       -1.0911141932886530E-009
  0.15500000000000000        30663406327.422333        1.4563064232952047E-008
  0.15600000000000000       -10990226514.449949        2.6207124446113348E-008
  0.15700000000000000       -15237009491.532793        3.0634731763598792E-008
  0.15800000000000000        32369926532.094986        2.6626690248331116E-008
  0.15900000000000000       -30189172391.608276        1.5286663251789859E-008
  0.16000000000000000        9987996274.8817692       -2.6273381568104025E-010
  0.16100000000000000        16179715958.444735       -1.5739783907089715E-008
  0.16200000000000001       -32689651121.457893       -2.6882691601945804E-008
  0.16300000000000001        29688532338.350006       -3.0623120705405360E-008
  0.16400000000000001       -8970569468.1102047       -2.5931098223283639E-008
  0.16500000000000001       -17096264012.815947       -1.4098630048760946E-008
  0.16600000000000001        32959069063.098377        1.6160686943860943E-009
  0.16700000000000001       -29156431300.083973        1.6885763116925805E-008
  0.16800000000000001        7958406099.7791996        2.7505755723022810E-008
  0.16900000000000001        17989651156.878799        3.0551701396069213E-008
  0.17000000000000001       -33206765059.455349        2.5184861665634160E-008
  0.17100000000000001        28599235054.717159        1.2883061624392698E-008
  0.17200000000000001       -6916338731.8040047       -2.9662473225160413E-009
  0.17300000000000001       -18889627407.157269       -1.7998763716549496E-008
  0.17400000000000002        33421183244.405415       -2.8075099938738852E-008
  0.17500000000000002       -28020935191.627235       -3.0420613320525100E-008
  0.17599999999999999        5908785665.2562428       -2.4389438006970990E-008
  0.17699999999999999        19736277004.027424       -1.1642332035278078E-008
  0.17799999999999999       -33607189476.766354        4.3106327440514622E-009
  0.17899999999999999        27419408621.075043        1.9076611968671710E-008
  0.17999999999999999       -4868344678.1311598        2.8589612295737992E-008
  0.18099999999999999       -20583725078.048252        3.0230112499334051E-008
  0.18200000000000000        33750250124.137352        2.3546380743373134E-008
  0.18300000000000000       -26778764473.488071        1.0378864478829867E-008
  0.18400000000000000        3823435734.8261800       -5.6465993173505912E-009
  0.18500000000000000        21418468621.503769       -2.0117202790026209E-008
  0.18600000000000000       -33877076776.282459       -2.9048287929605519E-008
  0.18700000000000000        26115907422.176773       -2.9980570988664477E-008
  0.18800000000000000       -2769051706.0953479       -2.2657336401366552E-008
  0.18900000000000000       -22226150390.062580       -9.0951265606737032E-009
  0.19000000000000000        33955514387.677631        6.9715378431387521E-009
  0.19100000000000000       -25424144725.347572        2.1118503862686334E-008
  0.19200000000000000        1717806689.7753043        2.9450231027410783E-008
  0.19300000000000000        23018110798.132618        2.9672476153650955E-008
  0.19400000000000001       -34016397610.247330        2.1724041322188165E-008
  0.19500000000000001        24711752269.299683        7.7936254753097439E-009
  0.19600000000000001       -659086464.53105664       -8.2828606603848538E-009
  0.19700000000000001       -23782913355.281029       -2.2078559603267907E-008
  0.19800000000000001        34029909877.360867       -2.9794656577267945E-008
  0.19900000000000001       -23971537162.662941       -2.9306429716549135E-008
  0.20000000000000001       -394442995.81859565       -2.0748318270637866E-008
  0.20100000000000001        24529038314.095016       -6.4769031094556898E-009
  0.20200000000000001       -34024615018.846256        9.5780067001130461E-009
  0.20300000000000001        23212354950.969898        2.2995494982266403E-008
  0.20400000000000001        1453418978.2062800        3.0080891901497104E-008
  0.20500000000000002       -25248014015.696228        2.8883146581546936E-008
  0.20600000000000002        33973149863.720825        1.9732072875141842E-008
  0.20700000000000002       -22426540315.571377        5.1475310776344204E-009
  0.20800000000000002       -2498851187.8570561       -1.0854446487278755E-008
  0.20899999999999999        25933651005.889919       -2.3867519186068933E-008
  0.20999999999999999       -33904643797.228359       -3.0308377970392477E-008
  0.21099999999999999        21649145124.988575       -2.8403453438526435E-008
  0.21199999999999999        3527270827.5998020       -1.8677289905979348E-008
  0.21299999999999999       -26595074049.125454       -3.8081056997020056E-009
  0.21400000000000000        33789415588.676773        1.2109687080940680E-008
  0.21500000000000000       -20821404836.017029        2.4692929114488975E-008
  0.21600000000000000       -4573317687.5161381        3.0476670494031056E-008
  0.21700000000000000        27241917069.383247        2.7868287148503392E-008
  0.21800000000000000       -33653113517.473858        1.7586029398942541E-008
  0.21900000000000000        19978206542.351055        2.4612429301249945E-009
  0.22000000000000000        5620731124.1657887       -1.3341276943079726E-008
  0.22100000000000000       -27861937270.819275       -2.5470112706993309E-008
  0.22200000000000000        33473545288.248318       -3.0585440789989732E-008
  0.22300000000000000       -19111036630.913506       -2.7278692913897930E-008
  0.22400000000000000       -6656980432.2219534       -1.6460422631999355E-008
  0.22500000000000001        28454929018.230667       -1.1095732489107300E-009
  0.22600000000000001       -33271879954.411057        1.4546810726556784E-008
  0.22700000000000001        18230269467.974895        2.6197552091124410E-008
  0.22800000000000001        7692528424.2004471        3.0634476425275656E-008
  0.22900000000000001       -29021417122.428219        2.6635822237210373E-008
  0.23000000000000001        33028663782.791225        1.5302667962817204E-008
  0.23100000000000001       -17327012114.718060       -2.4426347583154090E-010
  0.23200000000000001       -8714986346.7349262       -1.5723933972857469E-008
  0.23300000000000001        29558272133.076954       -2.6873826546969329E-008
  0.23400000000000001       -32762412429.587601       -3.0623681631217427E-008
  0.23500000000000001        16412070668.651255       -2.5940930672087568E-008
  0.23600000000000002        9734677763.3401012       -1.4115026535277656E-008
  0.23700000000000002       -30069044824.455700        1.5976231436648151E-009
  0.23800000000000002        32456485700.935944        1.6870347710449169E-008
  0.23900000000000002       -15485475839.512863        2.7497615281886449E-008
  0.23999999999999999       -10716560186.091839        3.0553077490504667E-008
  0.24099999999999999        30533034462.989857        2.5195375371173949E-008
  0.24199999999999999       -32137638681.446278        1.2899817863366524E-008
  0.24299999999999999        14560661558.306538       -2.9478625858644364E-009
  0.24399999999999999        11708110222.194559       -1.7983812944769906E-008
  0.24500000000000000       -30983543105.933720       -2.8067700010068817E-008
  0.24600000000000000        31764135074.750744       -3.0422801896013190E-008
  0.24700000000000000       -13592724969.140280       -2.4400612435534667E-008
  0.24800000000000000       -12691601030.320074       -1.1659415301064929E-008
  0.24900000000000000        31406600626.777000        4.2923447276385001E-009
  0.25000000000000000       -31380006543.260059        1.9062155031079351E-008
  0.25100000000000000        12624029321.931494        2.8582967331908164E-008
  0.25200000000000000        13668266695.400320        3.0233109281494269E-008
  0.25300000000000000       -31801206127.237202        2.3558194070828601E-008
  0.25400000000000000        30953366412.949986        1.0396241407088463E-008
  0.25500000000000000       -11634254316.951992       -5.6284437384465459E-009
  0.25600000000000001       -14626422901.363245       -2.0103267921632251E-008
  0.25700000000000001        32159121847.226868       -2.9042410908511622E-008
  0.25800000000000001       -30501431958.640663       -2.9984370124654349E-008
  0.25900000000000001        10638742507.109060       -2.2669765555785216E-008
  0.26000000000000001        15575743969.499987       -9.1127632135275009E-009
  0.26100000000000001       -32492801942.982319        6.9535501603578095E-009
  0.26200000000000001        30016296821.690304        2.1105118278878670E-008
  0.26300000000000001       -9627442398.6717148        2.9445133427123880E-008
  0.26400000000000001       -16504872720.162941        2.9677070223597042E-008
  0.26500000000000001        32787697814.001133        2.1737062028905282E-008
  0.26600000000000001       -29505301063.263084        7.8114874076290896E-009
  0.26700000000000002        8612452656.0377750       -8.2650760044329975E-009
  0.26800000000000002        17423190389.938381       -2.2065749446658377E-008
  0.26900000000000002       -33059166460.479122       -2.9790348353617117E-008
  0.27000000000000002        28963540690.803066       -2.9311809748038327E-008
  0.27100000000000002       -7583525120.4870462       -2.0761905099662026E-008
  0.27200000000000002       -18319710707.585457       -6.4949554361305926E-009
  0.27300000000000002        33289905917.178226        9.5604598051762318E-009
  0.27400000000000002       -28395453069.438793        2.2983285271633172E-008
  0.27500000000000002        6552969341.7154503        3.0077381468625476E-008
  0.27600000000000002        19203485668.533470        2.8889302067150067E-008
  0.27700000000000002       -33498116840.465786        1.9746199290820660E-008
  0.27800000000000002        27799155473.297138        5.1657385417066739E-009
  0.27900000000000003       -5510379993.6913576       -1.0837171623185652E-008
  0.28000000000000003       -20063942252.403534       -2.3855933767493728E-008
  0.28100000000000003        33663810584.293137       -3.0305672184324165E-008
  0.28200000000000003       -27176165469.314156       -2.8410372356319458E-008
  0.28300000000000003        4468230068.8739290       -1.8691928318825067E-008
  0.28400000000000003        20909768325.952236       -3.8264327412234429E-009
  0.28500000000000003       -33807961313.606777        1.2092717986232120E-008
  0.28600000000000003        26527628854.559120        2.4681990614784804E-008
  0.28700000000000003       -3415997177.3402290        3.0474774639280734E-008
  0.28800000000000003       -21729175835.623299        2.7875955985546928E-008
  0.28899999999999998        33917322788.617176        1.7601151219515168E-008
  0.28999999999999998       -25885590263.764713        2.4796537556076863E-009
  0.29099999999999998        2413087813.0643449       -1.3324646759116092E-008
  0.29199999999999998        22495356952.522514       -2.5459842489513142E-008
  0.29299999999999998       -33983851116.198471       -3.0584358569241934E-008
  0.29399999999999998        25198579578.962406       -2.7287096692628680E-008
  0.29499999999999998       -1367737319.8504448       -1.6475998326743083E-008
  0.29599999999999999       -23279539337.727436       -1.1280319012331028E-009
  0.29699999999999999        34026510385.307175        1.4530551932791402E-008
  0.29799999999999999       -24464709689.732628        2.6187970214037672E-008
  0.29899999999999999        309039368.09866655        3.0634209952153487E-008
  0.29999999999999999        24023209776.771980        2.6644944544692567E-008
  0.30099999999999999       -34022610493.417633        1.5318667111740900E-008
  0.30199999999999999        23726591882.544434       -2.2579304719890975E-010
  0.30299999999999999        725169089.87867343       -1.5708078323402859E-008
  0.30399999999999999       -24751979743.648220       -2.6864951724087737E-008
  0.30499999999999999        33999137781.073505       -3.0624231426154043E-008
  0.30599999999999999       -22945352035.345676       -2.5950753692068639E-008
  0.30700000000000000       -1797717175.1649749       -1.4131417891366114E-008
  0.30800000000000000        25475668785.833786        1.5791770122509868E-009
  0.30900000000000000       -33956685970.865051        1.6854926172059898E-008
  0.31000000000000000        22170950784.270649        2.7489464846114801E-008
  0.31100000000000000        2853651013.0913167        3.0554442479727319E-008
  0.31200000000000000       -26175971795.412128        2.5205879918879932E-008
  0.31300000000000000        33869941597.900875        1.2916569413607390E-008
  0.31400000000000000       -21347612366.126080       -2.9294767777449495E-009
  0.31500000000000000       -3909152534.4131379       -1.7968855636363343E-008
  0.31600000000000000        26824889704.604900       -2.8060289879553127E-008
  0.31700000000000000       -33734844217.566299       -3.0424979413640142E-008
  0.31800000000000000        20521039870.915962       -2.4411777995139261E-008
  0.31900000000000001        4934613564.9564886       -1.1676494328971386E-008
  0.32000000000000001       -27452797915.755928        4.2740551510749495E-009
  0.32100000000000001        33578696759.848671        1.9047691164912044E-008
  0.32200000000000001       -19654659709.973587        2.8576311978947099E-008
  0.32300000000000001       -5993974617.0821848        3.0236095074741374E-008
  0.32400000000000001        28072812692.300594        2.3569998835521202E-008
  0.32500000000000001       -33405448843.849464        1.0413614556596016E-008
  0.32600000000000001        18801311307.116310       -5.6102861137562506E-009
  0.32700000000000001        7031088431.8472586       -2.0089325746247130E-008
  0.32800000000000001       -28669251279.999275       -2.9036523331291193E-008
  0.32900000000000001        33191720061.150333       -2.9988158362141083E-008
  0.33000000000000002       -17901726737.687775       -2.2682186470360632E-008
  0.33100000000000002       -8067137065.1086035       -9.1303965541396861E-009
  0.33200000000000002        29213422257.358498        6.9355599501504902E-009
  0.33300000000000002       -32927505913.994587        2.1091725023934444E-008
  0.33400000000000002        16999430128.950890        2.9440025124331674E-008
  0.33500000000000002        9068056883.5023308        2.9681653506735141E-008
  0.33600000000000002       -29730797894.671574        2.1750074834791505E-008
  0.33700000000000002        32658303382.663834        7.8293465006851882E-009
  0.33800000000000002       -16095682820.935446       -8.2472883443507595E-009
  0.33900000000000002       -10080700257.361958       -2.2052931269749021E-008
  0.34000000000000002        30237589159.324528       -2.9786029301984728E-008
  0.34100000000000003       -32339712919.069435       -2.9317179125481824E-008
  0.34200000000000003        15142100745.043371       -2.0775484382298253E-008
  0.34300000000000003        11100235536.586754       -6.5130054020658292E-009
  0.34400000000000003       -30720977190.936962        9.5429094352722675E-009
  0.34500000000000003        32002291501.047989        2.2971067207200795E-008
  0.34600000000000003       -14180125104.728733        3.0073860103443657E-008
  0.34700000000000003       -12100874430.594566        2.8895447052277512E-008
  0.34800000000000003        31152020109.331589        1.9760318529293080E-008
  0.34900000000000003       -31613029919.044388        5.1839441281734373E-009
  0.35000000000000003        13216001232.724213       -1.0819892820075348E-008
  0.35100000000000003        13054510245.580236       -2.3844339677935436E-008
  0.35199999999999998       -31544012147.403839       -3.0302955382968099E-008
  0.35299999999999998        31227194854.197811       -2.8417280947714783E-008
  0.35399999999999998       -12282500252.438559       -1.8706559937663178E-008
  0.35499999999999998       -13985750064.566435       -3.8447583919406426E-009
  0.35599999999999998        31913682826.058685        1.2075744496149466E-008
  0.35699999999999998       -30804229395.048027        2.4671043143848267E-008
  0.35799999999999998        11312398304.785128        3.0472867707778558E-008
  0.35899999999999999        14938745781.939770        2.7883614690438611E-008
  0.35999999999999999       -32278518710.642391        1.7616266642547976E-008
  0.36099999999999999        30350126167.365177        2.4980636798036722E-009
  0.36199999999999999       -10303477112.531687       -1.3308011732005737E-008
  0.36299999999999999       -15889478339.654303       -2.5449563018072582E-008
  0.36399999999999999        32591720520.315899       -3.0583265231911670E-008
  0.36499999999999999       -29843628910.456009       -2.7295490553241784E-008
  0.36599999999999999        9276013076.0484886       -1.6491568032909564E-008
  0.36699999999999999        16830619266.997162       -1.1464901435465330E-009
  0.36799999999999999       -32884930926.072418        1.4514287857565520E-008
  0.36899999999999999        29313665203.748001        2.6178378818336026E-008
  0.37000000000000000       -8255995037.1890192        3.0633932344329051E-008
  0.37100000000000000       -17721686708.571049        2.6654057167462096E-008
  0.37200000000000000        33128774080.601105        1.5334660692745663E-008
  0.37300000000000000       -28773640035.126614       -2.0732253649665920E-010
  0.37400000000000000        7248957133.2865734       -1.5692216964488920E-008
  0.37500000000000000        18610011480.292233       -2.6856067136526832E-008
  0.37600000000000000       -33367598359.640491       -3.0624770090015320E-008
  0.37700000000000000        28207938844.158356       -2.5960567279656478E-008
  0.37800000000000000       -6207760610.6206474       -1.4147804111068442E-008
  0.37900000000000000       -19495516910.426975        1.5607303068492455E-009
  0.38000000000000000        33556299885.934113        1.6839498507363374E-008
  0.38100000000000001       -27590081546.015190        2.7481304418670205E-008
  0.38200000000000001        5165623637.2909193        3.0555796363241040E-008
  0.38300000000000001        20334191405.927357        2.5216375304934114E-008
  0.38400000000000001       -33703711648.528717        1.2933316269026522E-008
  0.38500000000000001        26948656946.442875       -2.9110899048403223E-009
  0.38600000000000001       -4102333933.6639357       -1.7953891796766430E-008
  0.38700000000000001       -21184680260.311344       -2.8052869549885138E-008
  0.38800000000000001        33833627783.313187       -3.0427145872614515E-008
  0.38900000000000001       -26299889343.214748       -2.4422934681726439E-008
  0.39000000000000001        3073870111.8084116       -1.1693569112789718E-008
  0.39100000000000001        21994652425.367184        4.2557640210086151E-009
  0.39200000000000002       -33942762170.519772        1.9033220375426972E-008
  0.39300000000000002        25631302916.756096        2.8569646239273775E-008
  0.39400000000000002       -2016434395.8779285        3.0239069877990184E-008
  0.39500000000000002       -22801292489.401596        2.3581795033160264E-008
  0.39600000000000002        34004057099.889626        1.0430983921037884E-008
  0.39700000000000002       -24911601594.917583       -5.5921264498795364E-009
  0.39800000000000002        958693198.27935755       -2.0075376268938414E-008
  0.39900000000000002        23558547405.987431       -2.9030625200084250E-008
  0.40000000000000002       -34020381745.034645       -2.9991935699747679E-008
  0.40100000000000002        24168595095.182999       -2.2694599140578138E-008
  0.40200000000000002        114509852.62540069       -9.1480265761010254E-009
  0.40300000000000002       -24321394929.348911        6.9175672190557280E-009
  0.40400000000000003        34017388029.089764        2.1078324102721796E-008
  0.40500000000000003       -23421077144.371113        2.9434906120891019E-008
  0.40600000000000003       -1148559559.7985406        2.9686226001399359E-008
  0.40700000000000003        25040539585.603180        2.1763079735117068E-008
  0.40800000000000003       -33995151675.591404        7.8472027479867549E-009
  0.40900000000000003        22659902811.885368       -8.2294976866035009E-009
  0.41000000000000003        2205948221.5881772       -2.2040105077198878E-008
  0.41100000000000003       -25755890701.231441       -2.9781699423940799E-008
  0.41200000000000003        33928095965.416866       -2.9322537846927990E-008
  0.41300000000000003       -21849442049.186077       -2.0789056113610944E-008
  0.41400000000000003       -3263002691.1305923       -6.5310530007007066E-009
  0.41500000000000004        26420063069.008018        9.5253555967802443E-009
  0.41600000000000004       -33828429858.129318        2.2958840793410149E-008
  0.41699999999999998        21066366766.998516        3.0070327807231655E-008
  0.41799999999999998        4263642969.2573915        2.8901581534695711E-008
  0.41899999999999998       -27043203285.366215        1.9774430585427113E-008
  0.41999999999999998        33686613540.051022        5.2021478304174776E-009
  0.42099999999999999       -20235035855.709877       -1.0802610084228269E-008
  0.42199999999999999       -5287637899.0549631       -2.3832736921608055E-008
  0.42299999999999999        27662125038.835762       -3.0300227567311966E-008
  0.42399999999999999       -33535396692.460869       -2.8424179210201170E-008
  0.42499999999999999        19394171405.102013       -1.8721184757175512E-008
  0.42599999999999999        6329075948.7706947       -3.8630826451927301E-009
  0.42699999999999999       -28276856092.069878        1.2058766616862069E-008
  0.42799999999999999        33343007461.226906        2.4660086705658475E-008
  0.42899999999999999       -18506561698.650791        3.0470949700217754E-008
  0.42999999999999999       -7379919252.6834326        2.7891263260394573E-008
  0.43099999999999999        28860140816.873047        1.7631375662546966E-008
  0.43200000000000000       -33110804322.007713        2.5164726960214430E-009
  0.43300000000000000        17597220412.779755       -1.3291371867795042E-008
  0.43400000000000000        8413587609.9603872       -2.5439274296407952E-008
  0.43500000000000000       -29395055508.128479       -3.0582160778396154E-008
  0.43600000000000000        32835841634.479828       -2.7303874492686452E-008
  0.43700000000000000       -16689148573.345028       -1.6507131744839473E-008
  0.43800000000000000       -9411721046.8333797       -1.1649479691420103E-009
  0.43900000000000000        29902703801.458057        1.4498018506790767E-008
  0.44000000000000000       -32555904449.545265        2.6168777907505567E-008
  0.44100000000000000        15780175724.426085        3.0633643601903317E-008
  0.44200000000000000        10421041505.027365        2.6663160102206695E-008
  0.44300000000000000       -30405821955.917782        1.5350648700018332E-008
  0.44400000000000001        32239128954.980579       -1.8885195043830729E-010
  0.44500000000000001       -14827753470.279564       -1.5676349901880851E-008
  0.44600000000000001       -11437016964.672792       -2.6847172787515857E-008
  0.44700000000000001        30873018769.037956       -3.0625297622605602E-008
  0.44800000000000001       -31878920854.265499       -2.5970371431284080E-008
  0.44900000000000001        13854899379.952953       -1.4164185188428752E-008
  0.45000000000000001        12433949177.840599        1.5422830341644969E-009
  0.45100000000000001       -31294175579.622684        1.6824064721967043E-008
  0.45200000000000001        31479343818.040230        2.7473134002518821E-008
  0.45300000000000001       -12886220982.471371        3.0557139140553797E-008
  0.45400000000000001       -13390848226.915478        2.5226861525521594E-008
  0.45500000000000002        31682731795.022533        1.2950058423536922E-008
  0.45600000000000002       -31074997788.349545       -2.8927019738336728E-009
  0.45700000000000002        11923139410.568428       -1.7938921431418134E-008
  0.45800000000000002        14352505900.205420       -2.8045439023762015E-008
  0.45900000000000002       -32066488204.499786       -3.0429301272148782E-008
  0.46000000000000002        30638714893.536522       -2.4434082491241064E-008
  0.46100000000000002       -10920573476.282116       -1.1710639646313673E-008
  0.46200000000000002       -15311989226.811232        4.2374713440877661E-009
  0.46300000000000002        32398448312.537888        1.9018742667883954E-008
  0.46400000000000002       -30150073030.469536        2.8562970115310889E-008
  0.46500000000000002        9899190132.9023609        3.0242033690159548E-008
  0.46600000000000003        16262807499.248457        2.3593582659458069E-008
  0.46700000000000003       -32711313930.469849        1.0448349494100772E-008
  0.46800000000000003        29638012385.848236       -5.5739647534169379E-009
  0.46900000000000003       -8884824416.2458382       -2.0061419494776374E-008
  0.47000000000000003       -17163734342.972395       -2.9024716517034465E-008
  0.47100000000000003        32974793663.820103       -2.9995702136101410E-008
  0.47200000000000003       -29115485104.604229       -2.2707003561926002E-008
  0.47300000000000003        7882467159.9212341       -9.1656532730034928E-009
  0.47400000000000003        18062918123.174080        6.8995719736134180E-009
  0.47500000000000003       -33233277849.092365        2.1064915520111558E-008
  0.47600000000000003        28566414282.941235        2.9429776418662433E-008
  0.47700000000000004       -6845198708.1114750        2.9690787705927753E-008
  0.47800000000000004       -18959365444.223606        2.1776076725154922E-008
  0.47900000000000004        33452464798.896584        7.8650561430435469E-009
  0.47999999999999998       -28006558854.980930       -8.2117040376576415E-009
  0.48099999999999998        5856488011.0304232       -2.2027270873669903E-008
  0.48199999999999998        19787138390.435062       -2.9777358721059045E-008
  0.48299999999999998       -33614261524.654408       -2.9327885910429058E-008
  0.48399999999999999        27379707013.440060       -2.0802620288667067E-008
  0.48499999999999999       -4812407106.0463448       -6.5490982254754584E-009
  0.48599999999999999       -20619417988.019794        9.5077982960805090E-009
  0.48699999999999999        33750659039.550762        2.2946606034705299E-008
  0.48799999999999999       -26748707256.854126        3.0066784581273115E-008
  0.48899999999999999        3786465341.5903711        2.8907705512175053E-008
  0.48999999999999999        21443580795.203247        1.9788535454093394E-008
  0.49099999999999999       -33869396104.104996        5.2203496418222678E-009
  0.49199999999999999        26071777406.389660       -1.0785323421926193E-008
  0.49299999999999999       -2718091725.3996429       -2.3821125502728972E-008
  0.49399999999999999       -22265755387.579109       -3.0297488738347046E-008
  0.49500000000000000        33967469363.763184       -2.8431067141271460E-008
  0.49600000000000000       -25394950078.588238       -1.8735802772046291E-008
  0.49700000000000000        1660028509.5131133       -3.8814054943193243E-009
  0.49800000000000000        23065145547.763081        1.2041784354540968E-008
  0.49900000000000000       -34017930380.719997        2.4649121304197785E-008
  0.50000000000000000        24667132190.193104        3.0469020617295377E-008
  0.50100000000000000       -601713806.01115263        2.7898901692634897E-008
  0.50200000000000000       -23814969161.388512        1.7646478274020368E-008
  0.50300000000000000        34023141200.576149        2.5348807975698377E-009
  0.50400000000000000       -23935577330.884434       -1.3274727172532132E-008
  0.50500000000000000       -432510784.23313123       -2.5428976328258991E-008
  0.50600000000000001        24550324957.628860       -3.0581045209096871E-008
  0.50700000000000001       -34023197651.936039       -2.7312248507915180E-008
  0.50800000000000001        23189304386.244095       -1.6522689456875968E-008
  0.50900000000000001        1491056605.0850406       -1.1834053713105558E-009
  0.51000000000000001       -25280797994.066216        1.4481743886380525E-008
  0.51100000000000001        33975546019.588173        2.6159167485036026E-008
  0.51200000000000001       -22392217346.765533        3.0633343724981257E-008
  0.51300000000000001       -2561998158.4982481        2.6672253345617666E-008
  0.51400000000000001        25987911567.333691        1.5366631127747646E-008
  0.51500000000000001       -33897667217.038536       -1.7038129573738828E-010
  0.51600000000000001        21574643002.811283       -1.5660477141345969E-008
  0.51700000000000002        3618246875.2599010       -2.6838268680287617E-008
  0.51800000000000002       -26643730681.380451       -3.0625814023733035E-008
  0.51900000000000002        33771611086.667267       -2.5980166143387969E-008
  0.52000000000000002       -20753800187.566998       -1.4180561117492927E-008
  0.52100000000000002       -4644825533.3588285        1.5238352009017996E-009
  0.52200000000000002        27278953779.216831        1.6808624821480790E-008
  0.52300000000000002       -33640438693.596222        2.7464953600630338E-008
  0.52400000000000002        19924583254.648243        3.0558470811177466E-008
  0.52500000000000002        5689787575.8196878        2.5237338576830980E-008
  0.52600000000000002       -27906474774.778240        1.2966795871053240E-008
  0.52700000000000002        33460343444.465569       -2.8743129914085265E-009
  0.52800000000000002       -19044607677.110207       -1.7923944545759733E-008
  0.52900000000000003       -6744565845.4738007       -2.8037998303884494E-008
  0.53000000000000003        28510421050.304470       -3.0431445611459581E-008
  0.53100000000000003       -33255324283.924599       -2.4445221419631196E-008
  0.53200000000000003        18149868865.778587       -1.1727705923338600E-008
  0.53300000000000003        7782480609.8272009        4.2191771269613323E-009
  0.53400000000000003       -29062134972.897247        1.9004258047545159E-008
  0.53500000000000003        32999942674.845394        2.8556283609485252E-008
  0.53600000000000003       -17252380422.608429        3.0244986510172013E-008
  0.53700000000000003       -8785602337.7645054        2.3605361710130236E-008
  0.53800000000000003        29587441892.943516        1.0465711269472767E-008
  0.53900000000000003       -32739561707.714615       -5.5558010309697460E-009
  0.54000000000000004        16352990804.591970       -2.0047455428833899E-008
  0.54100000000000004        9800886469.4947491       -2.9018797284289593E-008
  0.54200000000000004       -30108266435.025951       -2.9999457669833092E-008
  0.54300000000000004        32441637488.043407       -2.2719399729895581E-008
  0.54400000000000004       -15409600200.452843       -9.1832766384402600E-009
  0.54500000000000004       -10823256137.023243        6.8815742203643313E-009
  0.54600000000000004        30593823206.123127        2.1051499280977380E-008
  0.54700000000000004       -32100794717.925579        2.9424636019510507E-008
  0.54800000000000004        14445556927.751940        2.9695338618662301E-008
  0.54900000000000004        11826851356.290442        2.1789065800181098E-008
  0.55000000000000004       -31032934636.381149        7.8829066793662942E-009
  0.55100000000000005        31720020926.513458       -8.1939074039806866E-009
  0.55200000000000005       -13485245653.265442       -2.2014428663826972E-008
  0.55300000000000005       -12791066431.314375       -2.9773007194917184E-008
  0.55400000000000005        31440234788.982754       -2.9333223314041191E-008
  0.55500000000000005       -31334441680.025909       -2.0816176902536438E-008
  0.55600000000000005        12529535427.977098       -6.5671410698310857E-009
  0.55700000000000005        13761035608.560863        9.4902375395546558E-009
  0.55800000000000005       -31842771872.978920        2.2934362935533128E-008
  0.55900000000000005        30916138110.414276        3.0063230426856142E-008
  0.56000000000000005       -11533690111.605145        2.8913818982489548E-008
  0.56100000000000005       -14735250501.317677        1.9802633130165155E-008
  0.56200000000000006        32206030218.534325        5.2385495557719308E-009
  0.56300000000000006       -30451860171.264347       -1.0768032839452372E-008
  0.56400000000000006        10518759678.807686       -2.3809505425518595E-008
  0.56500000000000006        15689069160.202494       -3.0294738897068921E-008
  0.56600000000000006       -32525776118.966049       -2.8437944738422113E-008
  0.56700000000000006        29951558739.523140       -1.8750413976962264E-008
  0.56800000000000006       -9510415944.4353466       -3.8997269326605995E-009
  0.56900000000000006       -16599527085.940298        1.2024797715358711E-008
  0.57000000000000006        32808796412.573715        2.4638146943451871E-008
  0.57100000000000006       -29446719767.586254        3.0467080459712557E-008
  0.57200000000000006        8513104619.5883741        2.7906529984383186E-008
  0.57300000000000006        17509242189.701969        1.7661574471478797E-008
  0.57400000000000007       -33086846306.016609        2.5532879777579920E-009
  0.57500000000000007        28914479410.284191       -1.3258077652266903E-008
  0.57600000000000007       -7513025773.0124226       -2.5418669117368635E-008
  0.57699999999999996       -18346507240.745594       -3.0579918524419313E-008
  0.57799999999999996        33294849327.182438       -2.7320612595884405E-008
  0.57899999999999996       -28407374317.655106       -1.6538241163364154E-008
  0.57999999999999996        6560415189.8861036       -1.2018623433434459E-009
  0.58099999999999996        19203474763.123650        1.4465464002250255E-008
  0.58199999999999996       -33501197572.844444        2.6149547554420456E-008
  0.58299999999999996        27802096617.473442        3.0633032713671855E-008
  0.58399999999999996       -5504570878.4762249        2.6681336894389951E-008
  0.58499999999999996       -20076582206.469048        1.5382607970124414E-008
  0.58599999999999997        33668523762.031368       -1.5191057910750631E-010
  0.58699999999999997       -27185680698.629978       -1.5644598688653519E-008
  0.58799999999999997        4481976246.8179674       -2.6829354818078663E-008
  0.58899999999999997        20913829146.342041       -3.0626319293209909E-008
  0.58999999999999997       -33821529311.216202       -2.5989951412408014E-008
  0.59099999999999997        26531452638.897583       -1.4196931892308785E-008
  0.59199999999999997       -3404768899.7014623        1.5053868137664494E-009
  0.59299999999999997       -21737271513.645031        1.6793178811516453E-008
  0.59399999999999997        33898096469.756985        2.7456763215978161E-008
  0.59499999999999997       -25839125915.132343        3.0559791374628035E-008
  0.59599999999999997        2376659981.6529789        2.5247806455054114E-008
  0.59699999999999998        22505116340.945667        1.2983528605491908E-008
  0.59799999999999998       -33973792502.608658       -2.8559229642487906E-009
  0.59899999999999998        25175318580.268250       -1.7908961145234896E-008
  0.59999999999999998       -1342472267.1779397       -2.8030547392957119E-008
  0.60099999999999998       -23306944013.820065       -3.0433578889767497E-008
  0.60199999999999998        34041645903.229164       -2.4456351462848121E-008
  0.60299999999999998       -24447120193.336906       -1.1744767937661344E-008
  0.60399999999999998        258254261.02353936        4.2008813762787498E-009
  0.60499999999999998        24068907242.570782        1.8989766519675407E-008
  0.60599999999999998       -34022430797.176311        2.8549586724227064E-008
  0.60699999999999998        23680531448.038307        3.0247928336954416E-008
  0.60799999999999998        802886150.80184960        2.3617132180895395E-008
  0.60899999999999999       -24822803668.623161        1.0483069240843319E-008
  0.60999999999999999        34024458150.548073       -5.5376352891399400E-009
  0.61099999999999999       -22907149335.231747       -2.0033484076186624E-008
  0.61199999999999999       -1886556731.2825580       -2.9012867504001065E-008
  0.61299999999999999        25539143470.593723       -3.0003202299577758E-008
  0.61399999999999999       -33940086332.848404       -2.2731787639981229E-008
  0.61499999999999999        22093733929.546204       -9.2008966660057034E-009
  0.61599999999999999        2920152341.0528107        6.8635739658501579E-009
  0.61699999999999999       -26190161663.555668        2.1038075390195723E-008
  0.61799999999999999        33847080202.713417        2.9419484925303539E-008
  0.61899999999999999       -21314887048.660397        2.9699878737948820E-008
  0.62000000000000000       -3946279060.9722409        2.1802046955474433E-008
  0.62100000000000000        26869035546.534122        7.9007543504668584E-009
  0.62200000000000000       -33754005504.215302       -8.1761077920412217E-009
  0.62300000000000000        20481522962.862755       -2.2001578452337953E-008
  0.62400000000000000        5021335791.5291767       -2.9768644847096854E-008
  0.62500000000000000       -27513241714.563023       -2.9338550055824406E-008
  0.62600000000000000        33574597998.488766       -2.0829725950291611E-008
  0.62700000000000000       -19605233016.148525       -6.5851815272095527E-009
  0.62800000000000000       -6046311200.8525686        9.4726733335855611E-009
  0.62900000000000000        28087077111.547390        2.2922111500343769E-008
  0.63000000000000000       -33382024481.526291        3.0059665345272449E-008
  0.63100000000000001        18766722377.150448        2.8919921943417241E-008
  0.63200000000000001        7055821926.4576664        1.9816723608518335E-008
  0.63300000000000001       -28684792579.702171        5.2567475656512863E-009
  0.63400000000000001        33194020724.711353       -1.0750738343091454E-008
  0.63500000000000001       -17880211988.164490       -2.3797876694200469E-008
  0.63600000000000001       -8113043280.2283602       -3.0291978044477088E-008
  0.63700000000000001        29251339298.904617       -2.8444811999153169E-008
  0.63800000000000001       -32921116436.846867       -1.8765018366612700E-008
  0.63900000000000001        16948564063.085875       -3.9180469535571579E-009
  0.64000000000000001        9120606545.3849945        1.2007806705489493E-008
  0.64100000000000001       -29743069705.223969        2.4627163627409584E-008
  0.64200000000000002        32630627373.196190        3.0465129228174622E-008
  0.64300000000000002       -16020295614.670042        2.7914148132866688E-008
  0.64400000000000002       -10179415092.465839        1.7676664249435270E-008
  0.64500000000000002        30291786281.452160        2.5716942298953834E-009
  0.64600000000000002       -32314297201.766209       -1.3241423313050993E-008
  0.64700000000000002        15055509710.419277       -2.5408352667483331E-008
  0.64800000000000002        11170169419.753628       -3.0578780724773053E-008
  0.64900000000000002       -30725168844.766171       -2.7328966753553920E-008
  0.65000000000000002        31958530067.265110       -1.6553786858651445E-008
  0.65100000000000002       -14133156732.534277       -1.2203188785320526E-009
  0.65200000000000002       -12132353742.717016        1.4449178860317165E-008
  0.65300000000000002        31175306392.661892        2.6139918119155557E-008
  0.65400000000000003       -31615019933.296989        3.0632710568088025E-008
  0.65500000000000003        13174655301.228899        2.6690410745221851E-008
  0.65600000000000003        13139284311.645735        1.5398579221341540E-008
  0.65700000000000003       -31600741840.247509       -1.3343980726225708E-010
  0.65800000000000003        31190647887.367546       -1.5628714549574913E-008
  0.65900000000000003       -12168179486.033939       -2.6820431204128806E-008
  0.66000000000000003       -14098224125.879683       -3.0626813430852636E-008
  0.66100000000000003        31945351895.029625       -2.5999727234787491E-008
  0.66200000000000003       -30741622934.357635       -1.4213297506925975E-008
  0.66300000000000003        11206424405.379868        1.4869378794639331E-009
  0.66400000000000003        15021104834.015188        1.6777726697688361E-008
  0.66500000000000004       -32302273741.859871        2.7448562851539241E-008
  0.66600000000000004        30309299690.611774        3.0561100830425507E-008
  0.66700000000000004       -10216006590.823431        2.5258265156386216E-008
  0.66800000000000004       -15986448536.017979        1.3000256620771026E-008
  0.66900000000000004        32638635341.129284       -2.8375318990387069E-009
  0.67000000000000004       -29799454182.816788       -1.7893971235289774E-008
  0.67100000000000004        9176474124.2160225       -2.8023086293688005E-008
  0.67200000000000004        16905348327.785055       -3.0435701106297145E-008
  0.67300000000000004       -32891516921.627369       -2.4467472616846405E-008
  0.67400000000000004        29261023017.960606       -1.1761825683080344E-008
  0.67500000000000004       -8183566598.7500648        4.1825840986900353E-009
  0.67600000000000005       -17781009216.301788        1.8975268089541959E-008
  0.67700000000000005        33152161494.635086        2.8542879461970519E-008
  0.67800000000000005       -28705400285.951260        3.0250859169437495E-008
  0.67900000000000005        7093338474.1738558        2.3628894067475262E-008
  0.68000000000000005        18734680333.960579        1.0500423401903287E-008
  0.68100000000000005       -33374592033.763031       -5.5194675345303377E-009
  0.68200000000000005        28108705348.950562       -2.0019505441912621E-008
  0.68300000000000005       -6084083612.5669823       -2.9006927178324248E-008
  0.68400000000000005       -19573873622.477772       -3.0006936023974352E-008
  0.68500000000000005        33568368592.700409       -2.2744167287680270E-008
  0.68600000000000005       -27535840777.083073       -9.2185133492954217E-009
  0.68700000000000006        5059267456.5347166        6.8455712166135061E-009
  0.68800000000000006        20450883343.746265        2.1024643852645795E-008
  0.68900000000000006       -33748924618.089439        2.9414323137913916E-008
  0.69000000000000006        26892547632.423412        2.9704408062137103E-008
  0.69100000000000006       -3984372550.9447794        2.1815020186316620E-008
  0.69200000000000006       -21284938038.829529        7.9185991498580757E-009
  0.69300000000000006        33843160831.660690       -8.1583052083089290E-009
  0.69400000000000006       -26214627618.003998       -2.1988720243873464E-008
  0.69500000000000006        2958395323.7984443       -2.9764271679183748E-008
  0.69600000000000006        22064552129.749641       -2.9343866133842487E-008
  0.69700000000000006       -33937384991.341591       -2.0843267427007876E-008
  0.69800000000000006        25564516288.732597       -6.6032195910536034E-009
  0.69900000000000007       -1924851392.5120511        9.4551056845572939E-009
  0.70000000000000007       -22878775653.420174        2.2909851733590262E-008
  0.70100000000000007        34022919174.117062        3.0056089337817829E-008
  0.70200000000000007       -24849018454.254784        2.8926014392739732E-008
  0.70300000000000007        869383338.68768227        1.9830806884031411E-008
  0.70399999999999996        23596312657.072407        5.2749436648458484E-009
  0.70499999999999996       -34020825525.332458       -1.0733439939129513E-008
  0.70599999999999996        24189843148.582424       -2.3786239313001318E-008
  0.70699999999999996        86998525.243614227       -3.0289206181575098E-008
  0.70799999999999996       -24327703782.454540       -2.8451668920968599E-008
  0.70899999999999996        34045247123.221340       -1.8779615935689275E-008
  0.70999999999999996       -23431412263.007179       -3.9363655503502113E-009
  0.71099999999999997       -1171331229.3644626        1.1990811331109124E-008
  0.71199999999999997        25059592154.756958        2.4616171360062987E-008
  0.71299999999999997       -33982591003.576496        3.0463166923390737E-008
  0.71399999999999997        22633270448.175129        2.7921756135316493E-008
  0.71499999999999997        2205650339.4080000        1.7691747602404961E-008
  0.71599999999999997       -25727385469.112988        2.5900995472918883E-009
  0.71699999999999997        33912341585.552876       -1.3224764160937810E-008
  0.71799999999999997       -21868925531.033993       -2.5398026982352832E-008
  0.71899999999999997       -3234328045.3361344       -3.0577631810571503E-008
  0.71999999999999997        26423905340.784218       -2.7337310977887257E-008
  0.72099999999999997       -33840968749.524376       -1.6569326537087372E-008
  0.72199999999999998        21048646341.679489       -1.2387749701679446E-009
  0.72299999999999998        4312154533.7568884        1.4432888466500532E-008
  0.72399999999999998       -27085003192.110901        2.6130279182741263E-008
  0.72499999999999998        33683040679.892254        3.0632377288347052E-008
  0.72599999999999998       -20185995686.035133        2.6699474894815312E-008
  0.72699999999999998       -5339863381.6888857        1.5414544875593862E-008
  0.72799999999999998        27676825580.438850       -1.1496898691528105E-010
  0.72899999999999998       -33512967351.320293       -1.5612824729883538E-008
  0.72999999999999998        19360422571.699333       -2.6811497841681672E-008
  0.73099999999999998        6353914431.4107761       -3.0627296436481559E-008
  0.73199999999999998       -28293450253.013920       -2.6009493606973182E-008
  0.73299999999999998        33313593874.056019       -1.4229657955396086E-008
  0.73399999999999999       -18419694351.212784        1.4684884046999270E-009
  0.73499999999999999       -7448807842.0240765        1.6762268485612873E-008
  0.73599999999999999        28868978999.962597        2.7440352510294191E-008
  0.73699999999999999       -33076351185.801083        3.0562399178093935E-008
  0.73799999999999999        17556463392.866272        2.5268714677025892E-008
  0.73899999999999999        8447915695.4357681        1.3016979910810366E-008
  0.73999999999999999       -29428148018.671276       -2.8191398024629420E-009
  0.74099999999999999        32845771620.638031       -1.7878974821372728E-008
  0.74199999999999999       -16648328170.653477       -2.8015615008789099E-008
  0.74299999999999999       -9494045401.3367653       -3.0437812260277148E-008
  0.74399999999999999        29957825417.084167       -2.4478584877583742E-008
  0.74500000000000000       -32531182243.091862       -1.1778879153395591E-008
  0.74600000000000000        15694178837.370163        4.1642853008457409E-009
  0.74700000000000000        10490849769.344130        1.8960762762414555E-008
  0.74800000000000000       -30410879519.148190        2.8536161825153563E-008
  0.74900000000000000        32197051271.513145        3.0253779006555902E-008
  0.75000000000000000       -14781891310.265463        2.3640647365594706E-008
  0.75100000000000000       -11460821632.667482        1.0517773746344932E-008
  0.75200000000000000        30881679102.962818       -5.5012977737443722E-009
  0.75300000000000000       -31874151735.431637       -2.0005519531092877E-008
  0.75400000000000000        13831796057.710150       -2.9000976309418206E-008
  0.75500000000000000        12476005485.430954       -3.0010658841665730E-008
  0.75600000000000001       -31326864136.901085       -2.2756538668493025E-008
  0.75700000000000001        31469727504.540169       -9.2361266819062395E-009
  0.75800000000000001       -12834043179.658020        6.8275659791978765E-009
  0.75900000000000001       -13442904210.227526        2.1011204673209585E-008
  0.76000000000000001        31691924276.557861        2.9409150659217682E-008
  0.76100000000000001       -31041574328.833908        2.9708926589580857E-008
  0.76200000000000001        11880524423.331507        2.1827985487992212E-008
  0.76300000000000001        14375419944.311247        7.9364410710538508E-009
  0.76400000000000001       -32070316042.307125       -8.1404996592545613E-009
  0.76500000000000001        30629124561.012444       -2.1975854043107185E-008
  0.76600000000000001       -10896618783.745150       -2.9759887692767323E-008
  0.76700000000000002       -15350949989.368370       -2.9349171546163210E-008
  0.76800000000000002        32409023934.755489       -2.0856801327763259E-008
  0.76900000000000002       -30102002295.152065       -6.6212552548069257E-009
  0.77000000000000002        9845654689.5428123        9.4375345988552701E-009
  0.77100000000000002        16290389673.879686        2.2897583639728642E-008
  0.77200000000000002       -32722605602.549324        3.0052502405792195E-008
  0.77300000000000002        29630572087.612816        2.8932096328242623E-008
  0.77400000000000002       -8843546809.3830242        1.9844882951585455E-008
  0.77500000000000002       -17234116069.523754        5.2931378467418629E-009
  0.77600000000000002        33017566063.361618       -1.0716137633854033E-008
  0.77700000000000002       -29083355601.381889       -2.3774593286151118E-008
  0.77800000000000002        7791945492.9527464       -3.0286423309370264E-008
  0.77900000000000003        18132232447.947315       -2.8458515501376140E-008
  0.78000000000000003       -33228077312.191097       -1.8794206678886179E-008
  0.78100000000000003        28505848480.611992       -3.9546827163814264E-009
  0.78200000000000003       -6787701858.8747787        1.1973811598394892E-008
  0.78300000000000003       -18983971914.796631        2.4605170145407627E-008
  0.78400000000000003        33444263938.323059        3.0461193546074051E-008
  0.78500000000000003       -27951238382.816853        2.7929353988967279E-008
  0.78600000000000003        5766097282.0774393        1.7706824524905554E-008
  0.78700000000000003        19874211947.112076        2.6085039232576262E-009
  0.78800000000000003       -33646215433.616409       -1.3208100201982488E-008
  0.78900000000000003        27325137247.467705       -2.5387692065730223E-008
  0.79000000000000004       -4694473638.6209373       -3.0576471782232389E-008
  0.79100000000000004       -20720962591.452976       -2.7345645265851470E-008
  0.79200000000000004        33762109816.943192       -1.6584860193023725E-008
  0.79300000000000004       -26665179711.619770       -1.2572306115428054E-009
  0.79400000000000004        3671526077.5028272        1.4416592826721425E-008
  0.79500000000000004        21514715114.762791        2.6120630748681110E-008
  0.79600000000000004       -33879047014.827557        3.0632032874569932E-008
  0.79700000000000004        26032147009.179401        2.6708529339875722E-008
  0.79800000000000004       -2639187833.7577057        1.5430504927078337E-008
  0.79900000000000004       -22343832561.270683       -9.6498124780194588E-011
  0.80000000000000004        33986257262.866467       -1.5596929235355017E-008
  0.80100000000000005       -25332531739.843369       -2.6802554733984144E-008
  0.80200000000000005        1556733942.1055346       -3.0627768309921143E-008
  0.80300000000000005        23133132840.389519       -2.6019250525415301E-008
  0.80400000000000005       -34008897775.866978       -1.4246013231772482E-008
  0.80500000000000005        24596963266.397392        1.4500383961803281E-009
  0.80600000000000005       -496042627.53464365        1.6746804180908637E-008
  0.80700000000000005       -23916540039.499622        2.7432132195227247E-008
  0.80800000000000005        34051039763.947857        3.0563686417161457E-008
  0.80900000000000005       -23850701997.812473        2.5279155013174831E-008
  0.81000000000000005       -588474570.76127207        1.3033698469531561E-008
  0.81100000000000005        24660851599.694561       -2.8007466812065289E-009
  0.81200000000000006       -34006089218.625675       -1.7863971908934556E-008
  0.81300000000000006        23065259971.081490       -2.8008133540976056E-008
  0.81400000000000006        1623044521.2565312       -3.0439912350940115E-008
  0.81500000000000006       -25342087962.873997       -2.4489688241021213E-008
  0.81600000000000006        33954395651.876873       -1.1795928342408578E-008
  0.81700000000000006       -22312975379.123913        4.1459849893970042E-009
  0.81800000000000006       -2653463201.7712026        1.8946250543565557E-008
  0.81900000000000006        26052750712.427738        2.8529433816217719E-008
  0.82000000000000006       -33900719974.216808        3.0256687847248451E-008
  0.82100000000000006        21503620766.191826        2.3652392070981743E-008
  0.82200000000000006        3733192751.9265575        1.0535120267861836E-008
  0.82300000000000006       -26727388729.968819       -5.4831260133862637E-009
  0.82400000000000007        33760336236.914078       -1.9991526348810844E-008
  0.82500000000000007       -20652360042.756329       -2.8995014899445924E-008
  0.82600000000000007       -4762791479.2213726       -3.0014370751298741E-008
  0.82700000000000007        27333665957.005909       -2.2768901777922829E-008
  0.82800000000000007       -33608642505.770504       -9.2537366574361727E-009
  0.82900000000000007        19837593218.417980        6.8095582601476889E-009
  0.83000000000000007        5780208388.3140354        2.0997757856771867E-008
  0.83100000000000007       -27965488396.711609        2.9403967491095101E-008
  0.83200000000000007        33459609576.865940        2.9713434318637733E-008
  0.83299999999999996       -19010360227.441822        2.1840942855788685E-008
  0.83399999999999996       -6748017092.7825136        7.9542801075691439E-009
  0.83499999999999996        28483740510.843967       -8.1226911513499482E-009
  0.83599999999999997       -33236749846.931122       -2.1962979854715569E-008
  0.83699999999999997        18166493775.403828       -2.9755492889441000E-008
  0.83799999999999997        7752555791.3416929       -2.9354466290858331E-008
  0.83899999999999997       -29062338846.423183       -2.0870327647638555E-008
  0.83999999999999997        33027443311.722336       -6.6392885119140090E-009
  0.84099999999999997       -17268988757.117096        9.4199600828660404E-009
  0.84199999999999997       -8804471695.6903782        2.2885307223218108E-008
  0.84299999999999997        29610599066.020409        3.0048904550499202E-008
  0.84399999999999997       -32733662301.437759        2.8938167747715344E-008
  0.84499999999999997        16325898497.272970        1.9858951806064234E-008
  0.84599999999999997        9806884714.0661182        5.3113301047262144E-009
  0.84699999999999998       -30083124092.034142       -1.0698831433553964E-008
  0.84799999999999998        32421315447.778042       -2.3762938617882787E-008
  0.84899999999999998       -15424080386.786711       -3.0283629428874300E-008
  0.84999999999999998       -10784214608.976053       -2.8465351737887216E-008
  0.85099999999999998        30574377239.172333       -1.8808790590900060E-008
  0.85199999999999998       -32119169491.239532       -3.9729984449930416E-009
  0.85299999999999998        14482812020.284376        1.1956807513525797E-008
  0.85399999999999998        11807202216.688087        2.4594159987442008E-008
  0.85499999999999998       -31039114729.128777        3.0459209096941900E-008
  0.85599999999999998        31734872156.617077        2.7936941691057440E-008
  0.85699999999999998       -13494223889.731647        1.7721895011456942E-008
  0.85799999999999998       -12796563487.397087        2.6269073511031417E-009
  0.85899999999999999        31454326869.702888       -1.3191431442241975E-008
  0.85999999999999999       -31342712130.071114       -2.5377347921371938E-008
  0.86099999999999999        12513637891.480116       -3.0575300640177334E-008
  0.86199999999999999        13794821120.113701       -2.7353969614417283E-008
  0.86299999999999999       -31859883223.315815       -1.6600387820814446E-008
  0.86399999999999999        30898637985.940273       -1.2756857959485348E-009
  0.86499999999999999       -11498908487.300030        1.4400291946902898E-008
  0.86599999999999999       -14745402663.151005        2.6110972820482057E-008
  0.86699999999999999        32183951376.771427        3.0631677326881892E-008
  0.86799999999999999       -30429000556.515419        2.6717574077112064E-008
  0.86899999999999999        10529365284.874388        1.5446459369993946E-008
  0.87000000000000000        15658269807.952957       -7.8027227570684037E-011
  0.87100000000000000       -32519309057.997879       -1.5581028071766850E-008
  0.87200000000000000        29977052840.510105       -2.6793601884286866E-008
  0.87300000000000000       -9532891066.4168873       -3.0628229050999892E-008
  0.87400000000000000       -16613031529.918932       -2.6028997986567428E-008
  0.87500000000000000        32835070259.096375       -1.4262363330110500E-008
  0.87600000000000000       -29448432650.068287        1.4315878606112193E-009
  0.87700000000000000        8487102196.2353735        1.6731333789196502E-008
  0.87800000000000000        17521755511.595638        2.7423901909326291E-008
  0.87900000000000000       -33066849018.743557        3.0564962547160127E-008
  0.88000000000000000        28890369068.797508        2.5289586161038490E-008
  0.88100000000000001       -7488314474.1846609        1.3050412290857800E-008
  0.88200000000000001       -18385664001.946636       -2.7823525419548753E-009
  0.88300000000000001        33305349983.465885       -1.7848962503428365E-008
  0.88400000000000001       -28354259029.417736       -2.8000641892968168E-008
  0.88500000000000001        6470373848.6396742       -3.0442001377522796E-008
  0.88600000000000001        19288740142.220520       -2.4500782703122975E-008
  0.88700000000000001       -33528607523.452061       -1.1812973243922413E-008
  0.88800000000000001        27745627144.339207        4.1276831709954567E-009
  0.88900000000000001       -5402495988.0465794        1.8931731438269727E-008
  0.89000000000000001       -20147811790.066120        2.8522695437608639E-008
  0.89100000000000001        33666108757.876270        3.0259585690457753E-008
  0.89200000000000002       -27103924319.819626        2.3664128179367502E-008
  0.89300000000000002        4352284731.8765116        1.0552462960149035E-008
  0.89400000000000002        21016843923.423237       -5.4649522600609764E-009
  0.89500000000000002       -33836453541.320393       -1.9977525900152639E-008
  0.89600000000000002        26449373766.169064       -2.8989042950574294E-008
  0.89700000000000002       -3274602051.7207942       -3.0018071751524242E-008
  0.89800000000000002       -21837872287.870659       -2.2781256611476079E-008
  0.89900000000000002        33909053698.012733       -9.2713432694845191E-009
  0.90000000000000002       -25753842932.615520        6.7915480660082820E-009
  0.90100000000000002        2246056370.4182854        2.0984303408220218E-008
  0.90200000000000002        22603045805.157116        2.9398773635429838E-008
  0.90300000000000002       -33980590038.134743        2.9717931247669336E-008
  0.90400000000000003        25086989778.550274        2.1853892284996402E-008
  0.90500000000000003       -1211765938.2705865        7.9721162529198946E-009
  0.90600000000000003       -23402060227.533672       -8.1048796910679848E-009
  0.90700000000000003        34044474157.454807       -2.1950097683378065E-008
  0.90800000000000003       -24355971491.484203       -2.9751087270802247E-008
  0.90900000000000003        127457852.91830833       -2.9359750366003197E-008
  0.91000000000000003        24161327362.028446       -2.0883846381717334E-008
  0.91100000000000003       -34021282536.259983       -6.6573193558202716E-009
  0.91200000000000003        23586439188.229210        9.4023821429775251E-009
  0.91300000000000003        907004515.97808278        2.2873022488520753E-008
  0.91400000000000003       -24858796935.422985        3.0045295773246577E-008
  0.91500000000000004        33992394666.658043        2.8944228648951051E-008
  0.91600000000000004       -22849265796.787788        1.9873013442354099E-008
  0.91700000000000004       -1939147034.3897359        5.3295204321865222E-009
  0.91800000000000004        25586540402.196224       -1.0681521344519642E-008
  0.91900000000000004       -33960471084.007782       -2.3751275312432470E-008
  0.92000000000000004        22053650711.393940       -3.0280824541102549E-008
  0.92100000000000004        3020779642.6201096       -2.8472177628017069E-008
  0.92200000000000004       -26277533532.037743       -1.8823367666430048E-008
  0.92300000000000004        33841686615.969692       -3.9913127295277650E-009
  0.92400000000000004       -21216717764.798180        1.1939799082682324E-008
  0.92500000000000004       -4052285378.9851742        2.4583140890168084E-008
  0.92600000000000005        26901316468.511929        3.0457213576715641E-008
  0.92700000000000005       -33712622328.465496        2.7944519238829025E-008
  0.92800000000000005        20376928367.816334        1.7736959056581485E-008
  0.92900000000000005        5150664620.7505636        2.6453098241392629E-009
  0.93000000000000005       -27590165635.022713       -1.3174757887774864E-008
  0.93100000000000005        33553179046.690483       -2.5366994553037853E-008
  0.93200000000000005       -19498188413.252792       -3.0574118384831941E-008
  0.93300000000000005       -6175091589.2540531       -2.7362284020559040E-008
  0.93400000000000005        28160687314.645157       -1.6615909414815634E-008
  0.93500000000000005       -33356503906.194847       -1.2941405166771804E-009
  0.93600000000000005        18657354173.368462        1.4383985832969899E-008
  0.93700000000000006        7183724491.7250462        2.6101305401654415E-008
  0.93800000000000006       -28754919432.547771        3.0631310645412223E-008
  0.93900000000000006        33164590416.127491        2.6726609103236828E-008
  0.94000000000000006       -17768799915.158100        1.5462408198541576E-008
  0.94100000000000006       -8240008497.4431782       -5.9556302000366490E-011
  0.94200000000000006        29318133980.652451       -1.5565121244898745E-008
  0.94300000000000006       -32887851669.074196       -2.6784639295843967E-008
  0.94400000000000006        16835024595.978970       -3.0628678659550336E-008
  0.94500000000000006        9246661218.1698647       -2.6038735986886657E-008
  0.94600000000000006       -29806361374.745796       -1.4278708244467290E-008
  0.94700000000000006        32593347795.258877        1.4131368046988232E-009
  0.94800000000000006       -15942027712.780991        1.6715857316099573E-008
  0.94900000000000007       -10229663702.175701        2.7415661655582719E-008
  0.95000000000000007        30314111016.168633        3.0566227567626073E-008
  0.95100000000000007       -32308202219.854401        2.5300008116825333E-008
  0.95200000000000007        15008255816.816395        1.3067121368714067E-008
  0.95300000000000007        11258671955.560957       -2.7639573913937383E-009
  0.95400000000000007       -30794619820.866592       -1.7833946610309750E-008
  0.95500000000000007        31940421776.306778       -2.7993140067488422E-008
  0.95600000000000007       -14027454788.647154       -3.0444079339265852E-008
  0.95700000000000007       -12238915651.534430       -2.4511868259856555E-008
  0.95800000000000007        31196365055.524391       -1.1830013851741729E-008
  0.95900000000000007       -31586646769.077084        4.1093798522933434E-009
  0.95999999999999996        13162017993.157665        1.8917205451804366E-008
  0.96099999999999997        13137342908.808817        2.8515946691775423E-008
  0.96199999999999997       -31599957193.220818        3.0262472535130556E-008
  0.96299999999999997        31191488577.136745        2.3675855686486220E-008
  0.96399999999999997       -12170144911.838154        1.0569801816902924E-008
  0.96499999999999997       -14096306743.248566       -5.4467765203741573E-009
  0.96599999999999997        31944627591.508289       -1.9963518190207076E-008
  0.96699999999999997       -30742524692.289619       -2.8983060464973891E-008
  0.96799999999999997        11208413420.459414       -3.0021761840997006E-008
  0.96899999999999997        15019216375.690073       -2.2793603164662038E-008
  0.96999999999999997       -32301612787.977093       -9.2889465116517215E-009
  0.97099999999999997        30310259592.704807        6.7735354033258409E-009
  0.97199999999999998       -10218014107.863398        2.0970841332444939E-008
  0.97299999999999998       -15984590650.337215        2.9393569094109973E-008
  0.97399999999999998        32638034908.598640        2.9722417375041033E-008
  0.97499999999999998       -29800469773.923958        2.1866833770908604E-008
  0.97599999999999998        9178500764.8836517        7.9899495006232189E-009
  0.97699999999999998        16903519847.386070       -8.0870652848826664E-009
  0.97799999999999998       -32890978546.178482       -2.1937207533777032E-008
  0.97899999999999998        29262096845.716442       -2.9746670838452344E-008
  0.97999999999999998       -8185611223.4512653       -2.9365023769677259E-008
  0.98099999999999998       -17779214817.899048       -2.0897357525085898E-008
  0.98199999999999998        33151688239.977444       -6.6753477799720030E-009
  0.98299999999999998       -28706530041.035591        9.3848007855787962E-009
  0.98399999999999999        7095396866.4910431        2.2860729440101771E-008
  0.98499999999999999        18732921395.278820        3.0041676075345991E-008
  0.98599999999999999       -33374182963.990276        2.8950279029746792E-008
  0.98699999999999999        28109891125.797058        1.9887067855344027E-008
  0.98799999999999999       -6086156082.0829611        5.3477088225110702E-009
  0.98899999999999999       -19572152112.096889       -1.0664207373042758E-008
  0.98999999999999999        33568025530.569382       -2.3739603374039531E-008
  0.99099999999999999       -27537079847.285660       -3.0278008647074585E-008
  0.99199999999999999        5061348702.4827061       -2.8478993169284661E-008
  0.99299999999999999        20449201297.445007       -1.8837937900177815E-008
  0.99399999999999999       -33748644572.272366       -4.0096255633288515E-009
  0.99500000000000000        26893836826.805363        1.1922786312046605E-008
  0.99600000000000000       -3986462716.2828078        2.4572112857590967E-008
  0.99700000000000000       -21283293857.796051        3.0455206986120492E-008
  0.99800000000000000        33842944518.432308        2.7952086629527829E-008
  0.99900000000000000       -26215969179.145386        1.7752016654703209E-008
