   2.0000000000000000E-003   2.4725690746465413E-008
   3.0000000000000001E-003   3.0482291590900300E-008
   4.0000000000000001E-003   2.7845219872353828E-008
   5.0000000000000001E-003   1.7540625606961169E-008
   6.0000000000000001E-003   2.4060051128766451E-009
   7.0000000000000001E-003  -1.3391138375652792E-008
   8.0000000000000002E-003  -2.5500867798359101E-008
   9.0000000000000011E-003  -3.0588620748823972E-008
   1.0000000000000000E-002  -2.7253422099563861E-008
   1.0999999999999999E-002  -1.6413659672928390E-008
   1.2000000000000000E-002  -1.0541948989830132E-009
   1.3000000000000001E-002   1.4595555360003444E-008
   1.4000000000000000E-002   2.6226240575884320E-008
   1.4999999999999999E-002   3.0635209035480661E-008
   1.6000000000000000E-002   2.6608397239661950E-008
   1.7000000000000001E-002   1.5254637166695409E-008
   1.8000000000000002E-002  -2.9967420217680561E-010
   1.9000000000000000E-002  -1.5771466606845058E-008
   2.0000000000000000E-002  -2.6900392395298139E-008
   2.1000000000000001E-002  -3.0621965461974363E-008
   2.1999999999999999E-002  -2.5911405053506088E-008
   2.3000000000000000E-002  -1.4065821708283196E-008
   2.4000000000000000E-002   1.6529580269333197E-009
   2.5000000000000001E-002   1.6916575511731245E-008
   2.6000000000000002E-002   2.7522006609557723E-008
   2.7000000000000000E-002   3.0548915893564769E-008
   2.8000000000000001E-002   2.5163806796342430E-008
   2.9000000000000001E-002   1.2849535104609560E-008
   2.9999999999999999E-002  -3.0030135546866038E-009
   3.1000000000000000E-002  -1.8028645628493495E-008
   3.2000000000000001E-002  -2.8089869179787005E-008
   3.3000000000000002E-002  -3.0416202999151473E-008
   3.4000000000000002E-002  -2.4367062559216183E-008
   3.5000000000000003E-002  -1.1608152814901968E-008
   3.6000000000000004E-002   4.3472040698374335E-009
   3.6999999999999998E-002   1.9105505037115247E-008
   3.7999999999999999E-002   2.8602871046346374E-008
   3.9000000000000000E-002   3.0224085972635602E-008
   4.0000000000000001E-002   2.3522728417351967E-008
   4.1000000000000002E-002   1.0344099311325155E-008
   4.2000000000000003E-002  -5.6829043114045075E-009
   4.3000000000000003E-002  -2.0145050585583475E-008
   4.3999999999999997E-002  -2.9060010294872852E-008
   4.4999999999999998E-002  -2.9972940026703032E-008
   4.5999999999999999E-002  -2.2632453391073000E-008
   4.7000000000000000E-002  -9.0598433438842619E-009
   4.8000000000000001E-002   7.0075056002702740E-009
   4.9000000000000002E-002   2.1145251997433648E-008
   5.0000000000000003E-002   2.9460394113061508E-008
   5.1000000000000004E-002   2.9663255660018191E-008
   5.2000000000000005E-002   2.1697976225194746E-008
   5.2999999999999999E-002   7.7578931188516791E-009
   5.3999999999999999E-002  -8.3184209340416476E-009
   5.5000000000000000E-002  -2.2104155836965812E-008
   5.6000000000000001E-002  -2.9803240534365448E-008
   5.7000000000000002E-002  -2.9295637699259467E-008
   5.8000000000000003E-002  -2.0721121993182503E-008
   5.9000000000000004E-002  -6.4407914001338396E-009
   5.9999999999999998E-002   9.6130900395752375E-009
   6.0999999999999999E-002   2.3019889324386843E-008
   6.2000000000000000E-002   3.0087879965209868E-008
   6.3000000000000000E-002   2.8870804117867041E-008
   6.4000000000000001E-002   1.9703798532705678E-008
   6.5000000000000002E-002   5.1111105431458738E-009
   6.6000000000000003E-002  -1.0888984373299186E-008
   6.7000000000000004E-002  -2.3890663993428987E-008
   6.8000000000000005E-002  -3.0313756492736209E-008
   6.9000000000000006E-002  -2.8389584633810387E-008
   7.0000000000000007E-002  -1.8647992719550154E-008
   7.1000000000000008E-002  -3.7714474708924174E-009
   7.2000000000000008E-002   1.2143612059565752E-008
   7.2999999999999995E-002   2.4714779184300154E-008
   7.3999999999999996E-002   3.0480428970523889E-008
   7.4999999999999997E-002   2.7852919089113910E-008
   7.5999999999999998E-002   1.7555766587165697E-008
   7.6999999999999999E-002   2.4244186020671373E-009
   7.8000000000000000E-002  -1.3374522757390030E-008
   7.9000000000000001E-002  -2.5490625365144200E-008
   8.0000000000000002E-002  -3.0587571880168024E-008
   8.1000000000000003E-002  -2.7261855614305569E-008
   8.2000000000000003E-002  -1.6429253299427410E-008
   8.3000000000000004E-002  -1.0726547410762468E-009
   8.4000000000000005E-002   1.4579312446069556E-008
   8.5000000000000006E-002   2.6216687275525231E-008
   8.6000000000000007E-002   3.0634975967030005E-008
   8.7000000000000008E-002   2.6617548581374059E-008
   8.7999999999999995E-002   1.5270652984476176E-008
   8.8999999999999996E-002  -2.8120406003393515E-010
   8.9999999999999997E-002  -1.5755628120338559E-008
   9.0999999999999998E-002  -2.6891546885794979E-008
   9.1999999999999998E-002  -3.0622548648921686E-008
   9.2999999999999999E-002  -2.5921256349230731E-008
   9.4000000000000000E-002  -1.4082228437775598E-008
   9.5000000000000001E-002   1.6345136577103400E-009
   9.6000000000000002E-002   1.6901172385886776E-008
   9.7000000000000003E-002   2.7513886166564944E-008
   9.8000000000000004E-002   3.0550314196921210E-008
   9.9000000000000005E-002   2.5174338806082074E-008
  0.10000000000000001        1.2866300702776325E-008
  0.10100000000000001       -2.9846309810174202E-009
  0.10200000000000001       -1.8013707946267993E-008
  0.10300000000000001       -2.8082489662873555E-008
  0.10400000000000001       -3.0418413687971380E-008
  0.10500000000000000       -2.4378254713509893E-008
  0.10600000000000000       -1.1625244537820144E-008
  0.10700000000000000        4.3289191936666430E-009
  0.10800000000000000        1.9091061972434397E-008
  0.10900000000000000        2.8596246868021185E-008
  0.11000000000000000        3.0227104729350143E-008
  0.11100000000000000        2.3534558857448604E-008
  0.11200000000000000        1.0361483778136291E-008
  0.11300000000000000       -5.6647528438693505E-009
  0.11400000000000000       -2.0131130346364043E-008
  0.11500000000000000       -2.9054154392436657E-008
  0.11600000000000001       -2.9976760955552466E-008
  0.11700000000000001       -2.2644899011622281E-008
  0.11800000000000001       -9.0774866019887296E-009
  0.11900000000000001        6.9895229919552717E-009
  0.12000000000000000        2.1131881770492164E-008
  0.12100000000000000        2.9455317923339677E-008
  0.12200000000000000        2.9667871298566746E-008
  0.12300000000000000        2.1711012719372819E-008
  0.12400000000000000        7.7757607102194784E-009
  0.12500000000000000       -8.3006423057421252E-009
  0.12600000000000000       -2.2091361734921471E-008
  0.12700000000000000       -2.9798953971371394E-008
  0.12800000000000000       -2.9301039032969730E-008
  0.12900000000000000       -2.0734723900164317E-008
  0.13000000000000000       -6.4588484286026381E-009
  0.13100000000000001        9.5955501137049063E-009
  0.13200000000000001        2.3007696334662571E-008
  0.13300000000000001        3.0084391400782495E-008
  0.13400000000000001        2.8876980597705614E-008
  0.13500000000000001        1.9717939287391091E-008
  0.13600000000000001        5.1293217425746254E-009
  0.13700000000000001       -1.0871717406075794E-008
  0.13800000000000001       -2.3879095929449943E-008
  0.13900000000000001       -3.0311072740189603E-008
  0.14000000000000001       -2.8396524196850596E-008
  0.14100000000000001       -1.8662644704446656E-008
  0.14200000000000002       -3.7897772740377003E-009
  0.14300000000000002        1.2126651774107285E-008
  0.14400000000000002        2.4703858638984961E-008
  0.14499999999999999        3.0478555271340458E-008
  0.14599999999999999        2.7860608182095339E-008
  0.14699999999999999        1.7570901186326487E-008
  0.14799999999999999        2.4428312100474336E-009
  0.14899999999999999       -1.3357902277851981E-008
  0.14999999999999999       -2.5480373666780243E-008
  0.15100000000000000       -3.0586511893761440E-008
  0.15200000000000000       -2.7270279220104210E-008
  0.15300000000000000       -1.6444840954339609E-008
  0.15400000000000000       -1.0911141932886530E-009
  0.15500000000000000        1.4563064232952047E-008
  0.15600000000000000        2.6207124446113348E-008
  0.15700000000000000        3.0634731763598792E-008
  0.15800000000000000        2.6626690248331116E-008
  0.15900000000000000        1.5286663251789859E-008
  0.16000000000000000       -2.6273381568104025E-010
  0.16100000000000000       -1.5739783907089715E-008
  0.16200000000000001       -2.6882691601945804E-008
  0.16300000000000001       -3.0623120705405360E-008
  0.16400000000000001       -2.5931098223283639E-008
  0.16500000000000001       -1.4098630048760946E-008
  0.16600000000000001        1.6160686943860943E-009
  0.16700000000000001        1.6885763116925805E-008
  0.16800000000000001        2.7505755723022810E-008
  0.16900000000000001        3.0551701396069213E-008
  0.17000000000000001        2.5184861665634160E-008
  0.17100000000000001        1.2883061624392698E-008
  0.17200000000000001       -2.9662473225160413E-009
  0.17300000000000001       -1.7998763716549496E-008
  0.17400000000000002       -2.8075099938738852E-008
  0.17500000000000002       -3.0420613320525100E-008
  0.17599999999999999       -2.4389438006970990E-008
  0.17699999999999999       -1.1642332035278078E-008
  0.17799999999999999        4.3106327440514622E-009
  0.17899999999999999        1.9076611968671710E-008
  0.17999999999999999        2.8589612295737992E-008
  0.18099999999999999        3.0230112499334051E-008
  0.18200000000000000        2.3546380743373134E-008
  0.18300000000000000        1.0378864478829867E-008
  0.18400000000000000       -5.6465993173505912E-009
  0.18500000000000000       -2.0117202790026209E-008
  0.18600000000000000       -2.9048287929605519E-008
  0.18700000000000000       -2.9980570988664477E-008
  0.18800000000000000       -2.2657336401366552E-008
  0.18900000000000000       -9.0951265606737032E-009
  0.19000000000000000        6.9715378431387521E-009
  0.19100000000000000        2.1118503862686334E-008
  0.19200000000000000        2.9450231027410783E-008
  0.19300000000000000        2.9672476153650955E-008
  0.19400000000000001        2.1724041322188165E-008
  0.19500000000000001        7.7936254753097439E-009
  0.19600000000000001       -8.2828606603848538E-009
  0.19700000000000001       -2.2078559603267907E-008
  0.19800000000000001       -2.9794656577267945E-008
  0.19900000000000001       -2.9306429716549135E-008
  0.20000000000000001       -2.0748318270637866E-008
  0.20100000000000001       -6.4769031094556898E-009
  0.20200000000000001        9.5780067001130461E-009
  0.20300000000000001        2.2995494982266403E-008
  0.20400000000000001        3.0080891901497104E-008
  0.20500000000000002        2.8883146581546936E-008
  0.20600000000000002        1.9732072875141842E-008
  0.20700000000000002        5.1475310776344204E-009
  0.20800000000000002       -1.0854446487278755E-008
  0.20899999999999999       -2.3867519186068933E-008
  0.20999999999999999       -3.0308377970392477E-008
  0.21099999999999999       -2.8403453438526435E-008
  0.21199999999999999       -1.8677289905979348E-008
  0.21299999999999999       -3.8081056997020056E-009
  0.21400000000000000        1.2109687080940680E-008
  0.21500000000000000        2.4692929114488975E-008
  0.21600000000000000        3.0476670494031056E-008
  0.21700000000000000        2.7868287148503392E-008
  0.21800000000000000        1.7586029398942541E-008
  0.21900000000000000        2.4612429301249945E-009
  0.22000000000000000       -1.3341276943079726E-008
  0.22100000000000000       -2.5470112706993309E-008
  0.22200000000000000       -3.0585440789989732E-008
  0.22300000000000000       -2.7278692913897930E-008
  0.22400000000000000       -1.6460422631999355E-008
  0.22500000000000001       -1.1095732489107300E-009
  0.22600000000000001        1.4546810726556784E-008
  0.22700000000000001        2.6197552091124410E-008
  0.22800000000000001        3.0634476425275656E-008
  0.22900000000000001        2.6635822237210373E-008
  0.23000000000000001        1.5302667962817204E-008
  0.23100000000000001       -2.4426347583154090E-010
  0.23200000000000001       -1.5723933972857469E-008
  0.23300000000000001       -2.6873826546969329E-008
  0.23400000000000001       -3.0623681631217427E-008
  0.23500000000000001       -2.5940930672087568E-008
  0.23600000000000002       -1.4115026535277656E-008
  0.23700000000000002        1.5976231436648151E-009
  0.23800000000000002        1.6870347710449169E-008
  0.23900000000000002        2.7497615281886449E-008
  0.23999999999999999        3.0553077490504667E-008
  0.24099999999999999        2.5195375371173949E-008
  0.24199999999999999        1.2899817863366524E-008
  0.24299999999999999       -2.9478625858644364E-009
  0.24399999999999999       -1.7983812944769906E-008
  0.24500000000000000       -2.8067700010068817E-008
  0.24600000000000000       -3.0422801896013190E-008
  0.24700000000000000       -2.4400612435534667E-008
  0.24800000000000000       -1.1659415301064929E-008
  0.24900000000000000        4.2923447276385001E-009
  0.25000000000000000        1.9062155031079351E-008
  0.25100000000000000        2.8582967331908164E-008
  0.25200000000000000        3.0233109281494269E-008
  0.25300000000000000        2.3558194070828601E-008
  0.25400000000000000        1.0396241407088463E-008
  0.25500000000000000       -5.6284437384465459E-009
  0.25600000000000001       -2.0103267921632251E-008
  0.25700000000000001       -2.9042410908511622E-008
  0.25800000000000001       -2.9984370124654349E-008
  0.25900000000000001       -2.2669765555785216E-008
  0.26000000000000001       -9.1127632135275009E-009
  0.26100000000000001        6.9535501603578095E-009
  0.26200000000000001        2.1105118278878670E-008
  0.26300000000000001        2.9445133427123880E-008
  0.26400000000000001        2.9677070223597042E-008
  0.26500000000000001        2.1737062028905282E-008
  0.26600000000000001        7.8114874076290896E-009
  0.26700000000000002       -8.2650760044329975E-009
  0.26800000000000002       -2.2065749446658377E-008
  0.26900000000000002       -2.9790348353617117E-008
  0.27000000000000002       -2.9311809748038327E-008
  0.27100000000000002       -2.0761905099662026E-008
  0.27200000000000002       -6.4949554361305926E-009
  0.27300000000000002        9.5604598051762318E-009
  0.27400000000000002        2.2983285271633172E-008
  0.27500000000000002        3.0077381468625476E-008
  0.27600000000000002        2.8889302067150067E-008
  0.27700000000000002        1.9746199290820660E-008
  0.27800000000000002        5.1657385417066739E-009
  0.27900000000000003       -1.0837171623185652E-008
  0.28000000000000003       -2.3855933767493728E-008
  0.28100000000000003       -3.0305672184324165E-008
  0.28200000000000003       -2.8410372356319458E-008
  0.28300000000000003       -1.8691928318825067E-008
  0.28400000000000003       -3.8264327412234429E-009
  0.28500000000000003        1.2092717986232120E-008
  0.28600000000000003        2.4681990614784804E-008
  0.28700000000000003        3.0474774639280734E-008
  0.28800000000000003        2.7875955985546928E-008
  0.28899999999999998        1.7601151219515168E-008
  0.28999999999999998        2.4796537556076863E-009
  0.29099999999999998       -1.3324646759116092E-008
  0.29199999999999998       -2.5459842489513142E-008
  0.29299999999999998       -3.0584358569241934E-008
  0.29399999999999998       -2.7287096692628680E-008
  0.29499999999999998       -1.6475998326743083E-008
  0.29599999999999999       -1.1280319012331028E-009
  0.29699999999999999        1.4530551932791402E-008
  0.29799999999999999        2.6187970214037672E-008
  0.29899999999999999        3.0634209952153487E-008
  0.29999999999999999        2.6644944544692567E-008
  0.30099999999999999        1.5318667111740900E-008
  0.30199999999999999       -2.2579304719890975E-010
  0.30299999999999999       -1.5708078323402859E-008
  0.30399999999999999       -2.6864951724087737E-008
  0.30499999999999999       -3.0624231426154043E-008
  0.30599999999999999       -2.5950753692068639E-008
  0.30700000000000000       -1.4131417891366114E-008
  0.30800000000000000        1.5791770122509868E-009
  0.30900000000000000        1.6854926172059898E-008
  0.31000000000000000        2.7489464846114801E-008
  0.31100000000000000        3.0554442479727319E-008
  0.31200000000000000        2.5205879918879932E-008
  0.31300000000000000        1.2916569413607390E-008
  0.31400000000000000       -2.9294767777449495E-009
  0.31500000000000000       -1.7968855636363343E-008
  0.31600000000000000       -2.8060289879553127E-008
  0.31700000000000000       -3.0424979413640142E-008
  0.31800000000000000       -2.4411777995139261E-008
  0.31900000000000001       -1.1676494328971386E-008
  0.32000000000000001        4.2740551510749495E-009
  0.32100000000000001        1.9047691164912044E-008
  0.32200000000000001        2.8576311978947099E-008
  0.32300000000000001        3.0236095074741374E-008
  0.32400000000000001        2.3569998835521202E-008
  0.32500000000000001        1.0413614556596016E-008
  0.32600000000000001       -5.6102861137562506E-009
  0.32700000000000001       -2.0089325746247130E-008
  0.32800000000000001       -2.9036523331291193E-008
  0.32900000000000001       -2.9988158362141083E-008
  0.33000000000000002       -2.2682186470360632E-008
  0.33100000000000002       -9.1303965541396861E-009
  0.33200000000000002        6.9355599501504902E-009
  0.33300000000000002        2.1091725023934444E-008
  0.33400000000000002        2.9440025124331674E-008
  0.33500000000000002        2.9681653506735141E-008
  0.33600000000000002        2.1750074834791505E-008
  0.33700000000000002        7.8293465006851882E-009
  0.33800000000000002       -8.2472883443507595E-009
  0.33900000000000002       -2.2052931269749021E-008
  0.34000000000000002       -2.9786029301984728E-008
  0.34100000000000003       -2.9317179125481824E-008
  0.34200000000000003       -2.0775484382298253E-008
  0.34300000000000003       -6.5130054020658292E-009
  0.34400000000000003        9.5429094352722675E-009
  0.34500000000000003        2.2971067207200795E-008
  0.34600000000000003        3.0073860103443657E-008
  0.34700000000000003        2.8895447052277512E-008
  0.34800000000000003        1.9760318529293080E-008
  0.34900000000000003        5.1839441281734373E-009
  0.35000000000000003       -1.0819892820075348E-008
  0.35100000000000003       -2.3844339677935436E-008
  0.35199999999999998       -3.0302955382968099E-008
  0.35299999999999998       -2.8417280947714783E-008
  0.35399999999999998       -1.8706559937663178E-008
  0.35499999999999998       -3.8447583919406426E-009
  0.35599999999999998        1.2075744496149466E-008
  0.35699999999999998        2.4671043143848267E-008
  0.35799999999999998        3.0472867707778558E-008
  0.35899999999999999        2.7883614690438611E-008
  0.35999999999999999        1.7616266642547976E-008
  0.36099999999999999        2.4980636798036722E-009
  0.36199999999999999       -1.3308011732005737E-008
  0.36299999999999999       -2.5449563018072582E-008
  0.36399999999999999       -3.0583265231911670E-008
  0.36499999999999999       -2.7295490553241784E-008
  0.36599999999999999       -1.6491568032909564E-008
  0.36699999999999999       -1.1464901435465330E-009
  0.36799999999999999        1.4514287857565520E-008
  0.36899999999999999        2.6178378818336026E-008
  0.37000000000000000        3.0633932344329051E-008
  0.37100000000000000        2.6654057167462096E-008
  0.37200000000000000        1.5334660692745663E-008
  0.37300000000000000       -2.0732253649665920E-010
  0.37400000000000000       -1.5692216964488920E-008
  0.37500000000000000       -2.6856067136526832E-008
  0.37600000000000000       -3.0624770090015320E-008
  0.37700000000000000       -2.5960567279656478E-008
  0.37800000000000000       -1.4147804111068442E-008
  0.37900000000000000        1.5607303068492455E-009
  0.38000000000000000        1.6839498507363374E-008
  0.38100000000000001        2.7481304418670205E-008
  0.38200000000000001        3.0555796363241040E-008
  0.38300000000000001        2.5216375304934114E-008
  0.38400000000000001        1.2933316269026522E-008
  0.38500000000000001       -2.9110899048403223E-009
  0.38600000000000001       -1.7953891796766430E-008
  0.38700000000000001       -2.8052869549885138E-008
  0.38800000000000001       -3.0427145872614515E-008
  0.38900000000000001       -2.4422934681726439E-008
  0.39000000000000001       -1.1693569112789718E-008
  0.39100000000000001        4.2557640210086151E-009
  0.39200000000000002        1.9033220375426972E-008
  0.39300000000000002        2.8569646239273775E-008
  0.39400000000000002        3.0239069877990184E-008
  0.39500000000000002        2.3581795033160264E-008
  0.39600000000000002        1.0430983921037884E-008
  0.39700000000000002       -5.5921264498795364E-009
  0.39800000000000002       -2.0075376268938414E-008
  0.39900000000000002       -2.9030625200084250E-008
  0.40000000000000002       -2.9991935699747679E-008
  0.40100000000000002       -2.2694599140578138E-008
  0.40200000000000002       -9.1480265761010254E-009
  0.40300000000000002        6.9175672190557280E-009
  0.40400000000000003        2.1078324102721796E-008
  0.40500000000000003        2.9434906120891019E-008
  0.40600000000000003        2.9686226001399359E-008
  0.40700000000000003        2.1763079735117068E-008
  0.40800000000000003        7.8472027479867549E-009
  0.40900000000000003       -8.2294976866035009E-009
  0.41000000000000003       -2.2040105077198878E-008
  0.41100000000000003       -2.9781699423940799E-008
  0.41200000000000003       -2.9322537846927990E-008
  0.41300000000000003       -2.0789056113610944E-008
  0.41400000000000003       -6.5310530007007066E-009
  0.41500000000000004        9.5253555967802443E-009
  0.41600000000000004        2.2958840793410149E-008
  0.41699999999999998        3.0070327807231655E-008
  0.41799999999999998        2.8901581534695711E-008
  0.41899999999999998        1.9774430585427113E-008
  0.41999999999999998        5.2021478304174776E-009
  0.42099999999999999       -1.0802610084228269E-008
  0.42199999999999999       -2.3832736921608055E-008
  0.42299999999999999       -3.0300227567311966E-008
  0.42399999999999999       -2.8424179210201170E-008
  0.42499999999999999       -1.8721184757175512E-008
  0.42599999999999999       -3.8630826451927301E-009
  0.42699999999999999        1.2058766616862069E-008
  0.42799999999999999        2.4660086705658475E-008
  0.42899999999999999        3.0470949700217754E-008
  0.42999999999999999        2.7891263260394573E-008
  0.43099999999999999        1.7631375662546966E-008
  0.43200000000000000        2.5164726960214430E-009
  0.43300000000000000       -1.3291371867795042E-008
  0.43400000000000000       -2.5439274296407952E-008
  0.43500000000000000       -3.0582160778396154E-008
  0.43600000000000000       -2.7303874492686452E-008
  0.43700000000000000       -1.6507131744839473E-008
  0.43800000000000000       -1.1649479691420103E-009
  0.43900000000000000        1.4498018506790767E-008
  0.44000000000000000        2.6168777907505567E-008
  0.44100000000000000        3.0633643601903317E-008
  0.44200000000000000        2.6663160102206695E-008
  0.44300000000000000        1.5350648700018332E-008
  0.44400000000000001       -1.8885195043830729E-010
  0.44500000000000001       -1.5676349901880851E-008
  0.44600000000000001       -2.6847172787515857E-008
  0.44700000000000001       -3.0625297622605602E-008
  0.44800000000000001       -2.5970371431284080E-008
  0.44900000000000001       -1.4164185188428752E-008
  0.45000000000000001        1.5422830341644969E-009
  0.45100000000000001        1.6824064721967043E-008
  0.45200000000000001        2.7473134002518821E-008
  0.45300000000000001        3.0557139140553797E-008
  0.45400000000000001        2.5226861525521594E-008
  0.45500000000000002        1.2950058423536922E-008
  0.45600000000000002       -2.8927019738336728E-009
  0.45700000000000002       -1.7938921431418134E-008
  0.45800000000000002       -2.8045439023762015E-008
  0.45900000000000002       -3.0429301272148782E-008
  0.46000000000000002       -2.4434082491241064E-008
  0.46100000000000002       -1.1710639646313673E-008
  0.46200000000000002        4.2374713440877661E-009
  0.46300000000000002        1.9018742667883954E-008
  0.46400000000000002        2.8562970115310889E-008
  0.46500000000000002        3.0242033690159548E-008
  0.46600000000000003        2.3593582659458069E-008
  0.46700000000000003        1.0448349494100772E-008
  0.46800000000000003       -5.5739647534169379E-009
  0.46900000000000003       -2.0061419494776374E-008
  0.47000000000000003       -2.9024716517034465E-008
  0.47100000000000003       -2.9995702136101410E-008
  0.47200000000000003       -2.2707003561926002E-008
  0.47300000000000003       -9.1656532730034928E-009
  0.47400000000000003        6.8995719736134180E-009
  0.47500000000000003        2.1064915520111558E-008
  0.47600000000000003        2.9429776418662433E-008
  0.47700000000000004        2.9690787705927753E-008
  0.47800000000000004        2.1776076725154922E-008
  0.47900000000000004        7.8650561430435469E-009
  0.47999999999999998       -8.2117040376576415E-009
  0.48099999999999998       -2.2027270873669903E-008
  0.48199999999999998       -2.9777358721059045E-008
  0.48299999999999998       -2.9327885910429058E-008
  0.48399999999999999       -2.0802620288667067E-008
  0.48499999999999999       -6.5490982254754584E-009
  0.48599999999999999        9.5077982960805090E-009
  0.48699999999999999        2.2946606034705299E-008
  0.48799999999999999        3.0066784581273115E-008
  0.48899999999999999        2.8907705512175053E-008
  0.48999999999999999        1.9788535454093394E-008
  0.49099999999999999        5.2203496418222678E-009
  0.49199999999999999       -1.0785323421926193E-008
  0.49299999999999999       -2.3821125502728972E-008
  0.49399999999999999       -3.0297488738347046E-008
  0.49500000000000000       -2.8431067141271460E-008
  0.49600000000000000       -1.8735802772046291E-008
  0.49700000000000000       -3.8814054943193243E-009
  0.49800000000000000        1.2041784354540968E-008
  0.49900000000000000        2.4649121304197785E-008
  0.50000000000000000        3.0469020617295377E-008
  0.50100000000000000        2.7898901692634897E-008
  0.50200000000000000        1.7646478274020368E-008
  0.50300000000000000        2.5348807975698377E-009
  0.50400000000000000       -1.3274727172532132E-008
  0.50500000000000000       -2.5428976328258991E-008
  0.50600000000000001       -3.0581045209096871E-008
  0.50700000000000001       -2.7312248507915180E-008
  0.50800000000000001       -1.6522689456875968E-008
  0.50900000000000001       -1.1834053713105558E-009
  0.51000000000000001        1.4481743886380525E-008
  0.51100000000000001        2.6159167485036026E-008
  0.51200000000000001        3.0633343724981257E-008
  0.51300000000000001        2.6672253345617666E-008
  0.51400000000000001        1.5366631127747646E-008
  0.51500000000000001       -1.7038129573738828E-010
  0.51600000000000001       -1.5660477141345969E-008
  0.51700000000000002       -2.6838268680287617E-008
  0.51800000000000002       -3.0625814023733035E-008
  0.51900000000000002       -2.5980166143387969E-008
  0.52000000000000002       -1.4180561117492927E-008
  0.52100000000000002        1.5238352009017996E-009
  0.52200000000000002        1.6808624821480790E-008
  0.52300000000000002        2.7464953600630338E-008
  0.52400000000000002        3.0558470811177466E-008
  0.52500000000000002        2.5237338576830980E-008
  0.52600000000000002        1.2966795871053240E-008
  0.52700000000000002       -2.8743129914085265E-009
  0.52800000000000002       -1.7923944545759733E-008
  0.52900000000000003       -2.8037998303884494E-008
  0.53000000000000003       -3.0431445611459581E-008
  0.53100000000000003       -2.4445221419631196E-008
  0.53200000000000003       -1.1727705923338600E-008
  0.53300000000000003        4.2191771269613323E-009
  0.53400000000000003        1.9004258047545159E-008
  0.53500000000000003        2.8556283609485252E-008
  0.53600000000000003        3.0244986510172013E-008
  0.53700000000000003        2.3605361710130236E-008
  0.53800000000000003        1.0465711269472767E-008
  0.53900000000000003       -5.5558010309697460E-009
  0.54000000000000004       -2.0047455428833899E-008
  0.54100000000000004       -2.9018797284289593E-008
  0.54200000000000004       -2.9999457669833092E-008
  0.54300000000000004       -2.2719399729895581E-008
  0.54400000000000004       -9.1832766384402600E-009
  0.54500000000000004        6.8815742203643313E-009
  0.54600000000000004        2.1051499280977380E-008
  0.54700000000000004        2.9424636019510507E-008
  0.54800000000000004        2.9695338618662301E-008
  0.54900000000000004        2.1789065800181098E-008
  0.55000000000000004        7.8829066793662942E-009
  0.55100000000000005       -8.1939074039806866E-009
  0.55200000000000005       -2.2014428663826972E-008
  0.55300000000000005       -2.9773007194917184E-008
  0.55400000000000005       -2.9333223314041191E-008
  0.55500000000000005       -2.0816176902536438E-008
  0.55600000000000005       -6.5671410698310857E-009
  0.55700000000000005        9.4902375395546558E-009
  0.55800000000000005        2.2934362935533128E-008
  0.55900000000000005        3.0063230426856142E-008
  0.56000000000000005        2.8913818982489548E-008
  0.56100000000000005        1.9802633130165155E-008
  0.56200000000000006        5.2385495557719308E-009
  0.56300000000000006       -1.0768032839452372E-008
  0.56400000000000006       -2.3809505425518595E-008
  0.56500000000000006       -3.0294738897068921E-008
  0.56600000000000006       -2.8437944738422113E-008
  0.56700000000000006       -1.8750413976962264E-008
  0.56800000000000006       -3.8997269326605995E-009
  0.56900000000000006        1.2024797715358711E-008
  0.57000000000000006        2.4638146943451871E-008
  0.57100000000000006        3.0467080459712557E-008
  0.57200000000000006        2.7906529984383186E-008
  0.57300000000000006        1.7661574471478797E-008
  0.57400000000000007        2.5532879777579920E-009
  0.57500000000000007       -1.3258077652266903E-008
  0.57600000000000007       -2.5418669117368635E-008
  0.57699999999999996       -3.0579918524419313E-008
  0.57799999999999996       -2.7320612595884405E-008
  0.57899999999999996       -1.6538241163364154E-008
  0.57999999999999996       -1.2018623433434459E-009
  0.58099999999999996        1.4465464002250255E-008
  0.58199999999999996        2.6149547554420456E-008
  0.58299999999999996        3.0633032713671855E-008
  0.58399999999999996        2.6681336894389951E-008
  0.58499999999999996        1.5382607970124414E-008
  0.58599999999999997       -1.5191057910750631E-010
  0.58699999999999997       -1.5644598688653519E-008
  0.58799999999999997       -2.6829354818078663E-008
  0.58899999999999997       -3.0626319293209909E-008
  0.58999999999999997       -2.5989951412408014E-008
  0.59099999999999997       -1.4196931892308785E-008
  0.59199999999999997        1.5053868137664494E-009
  0.59299999999999997        1.6793178811516453E-008
  0.59399999999999997        2.7456763215978161E-008
  0.59499999999999997        3.0559791374628035E-008
  0.59599999999999997        2.5247806455054114E-008
  0.59699999999999998        1.2983528605491908E-008
  0.59799999999999998       -2.8559229642487906E-009
  0.59899999999999998       -1.7908961145234896E-008
  0.59999999999999998       -2.8030547392957119E-008
  0.60099999999999998       -3.0433578889767497E-008
  0.60199999999999998       -2.4456351462848121E-008
  0.60299999999999998       -1.1744767937661344E-008
  0.60399999999999998        4.2008813762787498E-009
  0.60499999999999998        1.8989766519675407E-008
  0.60599999999999998        2.8549586724227064E-008
  0.60699999999999998        3.0247928336954416E-008
  0.60799999999999998        2.3617132180895395E-008
  0.60899999999999999        1.0483069240843319E-008
  0.60999999999999999       -5.5376352891399400E-009
  0.61099999999999999       -2.0033484076186624E-008
  0.61199999999999999       -2.9012867504001065E-008
  0.61299999999999999       -3.0003202299577758E-008
  0.61399999999999999       -2.2731787639981229E-008
  0.61499999999999999       -9.2008966660057034E-009
  0.61599999999999999        6.8635739658501579E-009
  0.61699999999999999        2.1038075390195723E-008
  0.61799999999999999        2.9419484925303539E-008
  0.61899999999999999        2.9699878737948820E-008
  0.62000000000000000        2.1802046955474433E-008
  0.62100000000000000        7.9007543504668584E-009
  0.62200000000000000       -8.1761077920412217E-009
  0.62300000000000000       -2.2001578452337953E-008
  0.62400000000000000       -2.9768644847096854E-008
  0.62500000000000000       -2.9338550055824406E-008
  0.62600000000000000       -2.0829725950291611E-008
  0.62700000000000000       -6.5851815272095527E-009
  0.62800000000000000        9.4726733335855611E-009
  0.62900000000000000        2.2922111500343769E-008
  0.63000000000000000        3.0059665345272449E-008
  0.63100000000000001        2.8919921943417241E-008
  0.63200000000000001        1.9816723608518335E-008
  0.63300000000000001        5.2567475656512863E-009
  0.63400000000000001       -1.0750738343091454E-008
  0.63500000000000001       -2.3797876694200469E-008
  0.63600000000000001       -3.0291978044477088E-008
  0.63700000000000001       -2.8444811999153169E-008
  0.63800000000000001       -1.8765018366612700E-008
  0.63900000000000001       -3.9180469535571579E-009
  0.64000000000000001        1.2007806705489493E-008
  0.64100000000000001        2.4627163627409584E-008
  0.64200000000000002        3.0465129228174622E-008
  0.64300000000000002        2.7914148132866688E-008
  0.64400000000000002        1.7676664249435270E-008
  0.64500000000000002        2.5716942298953834E-009
  0.64600000000000002       -1.3241423313050993E-008
  0.64700000000000002       -2.5408352667483331E-008
  0.64800000000000002       -3.0578780724773053E-008
  0.64900000000000002       -2.7328966753553920E-008
  0.65000000000000002       -1.6553786858651445E-008
  0.65100000000000002       -1.2203188785320526E-009
  0.65200000000000002        1.4449178860317165E-008
  0.65300000000000002        2.6139918119155557E-008
  0.65400000000000003        3.0632710568088025E-008
  0.65500000000000003        2.6690410745221851E-008
  0.65600000000000003        1.5398579221341540E-008
  0.65700000000000003       -1.3343980726225708E-010
  0.65800000000000003       -1.5628714549574913E-008
  0.65900000000000003       -2.6820431204128806E-008
  0.66000000000000003       -3.0626813430852636E-008
  0.66100000000000003       -2.5999727234787491E-008
  0.66200000000000003       -1.4213297506925975E-008
  0.66300000000000003        1.4869378794639331E-009
  0.66400000000000003        1.6777726697688361E-008
  0.66500000000000004        2.7448562851539241E-008
  0.66600000000000004        3.0561100830425507E-008
  0.66700000000000004        2.5258265156386216E-008
  0.66800000000000004        1.3000256620771026E-008
  0.66900000000000004       -2.8375318990387069E-009
  0.67000000000000004       -1.7893971235289774E-008
  0.67100000000000004       -2.8023086293688005E-008
  0.67200000000000004       -3.0435701106297145E-008
  0.67300000000000004       -2.4467472616846405E-008
  0.67400000000000004       -1.1761825683080344E-008
  0.67500000000000004        4.1825840986900353E-009
  0.67600000000000005        1.8975268089541959E-008
  0.67700000000000005        2.8542879461970519E-008
  0.67800000000000005        3.0250859169437495E-008
  0.67900000000000005        2.3628894067475262E-008
  0.68000000000000005        1.0500423401903287E-008
  0.68100000000000005       -5.5194675345303377E-009
  0.68200000000000005       -2.0019505441912621E-008
  0.68300000000000005       -2.9006927178324248E-008
  0.68400000000000005       -3.0006936023974352E-008
  0.68500000000000005       -2.2744167287680270E-008
  0.68600000000000005       -9.2185133492954217E-009
  0.68700000000000006        6.8455712166135061E-009
  0.68800000000000006        2.1024643852645795E-008
  0.68900000000000006        2.9414323137913916E-008
  0.69000000000000006        2.9704408062137103E-008
  0.69100000000000006        2.1815020186316620E-008
  0.69200000000000006        7.9185991498580757E-009
  0.69300000000000006       -8.1583052083089290E-009
  0.69400000000000006       -2.1988720243873464E-008
  0.69500000000000006       -2.9764271679183748E-008
  0.69600000000000006       -2.9343866133842487E-008
  0.69700000000000006       -2.0843267427007876E-008
  0.69800000000000006       -6.6032195910536034E-009
  0.69900000000000007        9.4551056845572939E-009
  0.70000000000000007        2.2909851733590262E-008
  0.70100000000000007        3.0056089337817829E-008
  0.70200000000000007        2.8926014392739732E-008
  0.70300000000000007        1.9830806884031411E-008
  0.70399999999999996        5.2749436648458484E-009
  0.70499999999999996       -1.0733439939129513E-008
  0.70599999999999996       -2.3786239313001318E-008
  0.70699999999999996       -3.0289206181575098E-008
  0.70799999999999996       -2.8451668920968599E-008
  0.70899999999999996       -1.8779615935689275E-008
  0.70999999999999996       -3.9363655503502113E-009
  0.71099999999999997        1.1990811331109124E-008
  0.71199999999999997        2.4616171360062987E-008
  0.71299999999999997        3.0463166923390737E-008
  0.71399999999999997        2.7921756135316493E-008
  0.71499999999999997        1.7691747602404961E-008
  0.71599999999999997        2.5900995472918883E-009
  0.71699999999999997       -1.3224764160937810E-008
  0.71799999999999997       -2.5398026982352832E-008
  0.71899999999999997       -3.0577631810571503E-008
  0.71999999999999997       -2.7337310977887257E-008
  0.72099999999999997       -1.6569326537087372E-008
  0.72199999999999998       -1.2387749701679446E-009
  0.72299999999999998        1.4432888466500532E-008
  0.72399999999999998        2.6130279182741263E-008
  0.72499999999999998        3.0632377288347052E-008
  0.72599999999999998        2.6699474894815312E-008
  0.72699999999999998        1.5414544875593862E-008
  0.72799999999999998       -1.1496898691528105E-010
  0.72899999999999998       -1.5612824729883538E-008
  0.72999999999999998       -2.6811497841681672E-008
  0.73099999999999998       -3.0627296436481559E-008
  0.73199999999999998       -2.6009493606973182E-008
  0.73299999999999998       -1.4229657955396086E-008
  0.73399999999999999        1.4684884046999270E-009
  0.73499999999999999        1.6762268485612873E-008
  0.73599999999999999        2.7440352510294191E-008
  0.73699999999999999        3.0562399178093935E-008
  0.73799999999999999        2.5268714677025892E-008
  0.73899999999999999        1.3016979910810366E-008
  0.73999999999999999       -2.8191398024629420E-009
  0.74099999999999999       -1.7878974821372728E-008
  0.74199999999999999       -2.8015615008789099E-008
  0.74299999999999999       -3.0437812260277148E-008
  0.74399999999999999       -2.4478584877583742E-008
  0.74500000000000000       -1.1778879153395591E-008
  0.74600000000000000        4.1642853008457409E-009
  0.74700000000000000        1.8960762762414555E-008
  0.74800000000000000        2.8536161825153563E-008
  0.74900000000000000        3.0253779006555902E-008
  0.75000000000000000        2.3640647365594706E-008
  0.75100000000000000        1.0517773746344932E-008
  0.75200000000000000       -5.5012977737443722E-009
  0.75300000000000000       -2.0005519531092877E-008
  0.75400000000000000       -2.9000976309418206E-008
  0.75500000000000000       -3.0010658841665730E-008
  0.75600000000000001       -2.2756538668493025E-008
  0.75700000000000001       -9.2361266819062395E-009
  0.75800000000000001        6.8275659791978765E-009
  0.75900000000000001        2.1011204673209585E-008
  0.76000000000000001        2.9409150659217682E-008
  0.76100000000000001        2.9708926589580857E-008
  0.76200000000000001        2.1827985487992212E-008
  0.76300000000000001        7.9364410710538508E-009
  0.76400000000000001       -8.1404996592545613E-009
  0.76500000000000001       -2.1975854043107185E-008
  0.76600000000000001       -2.9759887692767323E-008
  0.76700000000000002       -2.9349171546163210E-008
  0.76800000000000002       -2.0856801327763259E-008
  0.76900000000000002       -6.6212552548069257E-009
  0.77000000000000002        9.4375345988552701E-009
  0.77100000000000002        2.2897583639728642E-008
  0.77200000000000002        3.0052502405792195E-008
  0.77300000000000002        2.8932096328242623E-008
  0.77400000000000002        1.9844882951585455E-008
  0.77500000000000002        5.2931378467418629E-009
  0.77600000000000002       -1.0716137633854033E-008
  0.77700000000000002       -2.3774593286151118E-008
  0.77800000000000002       -3.0286423309370264E-008
  0.77900000000000003       -2.8458515501376140E-008
  0.78000000000000003       -1.8794206678886179E-008
  0.78100000000000003       -3.9546827163814264E-009
  0.78200000000000003        1.1973811598394892E-008
  0.78300000000000003        2.4605170145407627E-008
  0.78400000000000003        3.0461193546074051E-008
  0.78500000000000003        2.7929353988967279E-008
  0.78600000000000003        1.7706824524905554E-008
  0.78700000000000003        2.6085039232576262E-009
  0.78800000000000003       -1.3208100201982488E-008
  0.78900000000000003       -2.5387692065730223E-008
  0.79000000000000004       -3.0576471782232389E-008
  0.79100000000000004       -2.7345645265851470E-008
  0.79200000000000004       -1.6584860193023725E-008
  0.79300000000000004       -1.2572306115428054E-009
  0.79400000000000004        1.4416592826721425E-008
  0.79500000000000004        2.6120630748681110E-008
  0.79600000000000004        3.0632032874569932E-008
  0.79700000000000004        2.6708529339875722E-008
  0.79800000000000004        1.5430504927078337E-008
  0.79900000000000004       -9.6498124780194588E-011
  0.80000000000000004       -1.5596929235355017E-008
  0.80100000000000005       -2.6802554733984144E-008
  0.80200000000000005       -3.0627768309921143E-008
  0.80300000000000005       -2.6019250525415301E-008
  0.80400000000000005       -1.4246013231772482E-008
  0.80500000000000005        1.4500383961803281E-009
  0.80600000000000005        1.6746804180908637E-008
  0.80700000000000005        2.7432132195227247E-008
  0.80800000000000005        3.0563686417161457E-008
  0.80900000000000005        2.5279155013174831E-008
  0.81000000000000005        1.3033698469531561E-008
  0.81100000000000005       -2.8007466812065289E-009
  0.81200000000000006       -1.7863971908934556E-008
  0.81300000000000006       -2.8008133540976056E-008
  0.81400000000000006       -3.0439912350940115E-008
  0.81500000000000006       -2.4489688241021213E-008
  0.81600000000000006       -1.1795928342408578E-008
  0.81700000000000006        4.1459849893970042E-009
  0.81800000000000006        1.8946250543565557E-008
  0.81900000000000006        2.8529433816217719E-008
  0.82000000000000006        3.0256687847248451E-008
  0.82100000000000006        2.3652392070981743E-008
  0.82200000000000006        1.0535120267861836E-008
  0.82300000000000006       -5.4831260133862637E-009
  0.82400000000000007       -1.9991526348810844E-008
  0.82500000000000007       -2.8995014899445924E-008
  0.82600000000000007       -3.0014370751298741E-008
  0.82700000000000007       -2.2768901777922829E-008
  0.82800000000000007       -9.2537366574361727E-009
  0.82900000000000007        6.8095582601476889E-009
  0.83000000000000007        2.0997757856771867E-008
  0.83100000000000007        2.9403967491095101E-008
  0.83200000000000007        2.9713434318637733E-008
  0.83299999999999996        2.1840942855788685E-008
  0.83399999999999996        7.9542801075691439E-009
  0.83499999999999996       -8.1226911513499482E-009
  0.83599999999999997       -2.1962979854715569E-008
  0.83699999999999997       -2.9755492889441000E-008
  0.83799999999999997       -2.9354466290858331E-008
  0.83899999999999997       -2.0870327647638555E-008
  0.83999999999999997       -6.6392885119140090E-009
  0.84099999999999997        9.4199600828660404E-009
  0.84199999999999997        2.2885307223218108E-008
  0.84299999999999997        3.0048904550499202E-008
  0.84399999999999997        2.8938167747715344E-008
  0.84499999999999997        1.9858951806064234E-008
  0.84599999999999997        5.3113301047262144E-009
  0.84699999999999998       -1.0698831433553964E-008
  0.84799999999999998       -2.3762938617882787E-008
  0.84899999999999998       -3.0283629428874300E-008
  0.84999999999999998       -2.8465351737887216E-008
  0.85099999999999998       -1.8808790590900060E-008
  0.85199999999999998       -3.9729984449930416E-009
  0.85299999999999998        1.1956807513525797E-008
  0.85399999999999998        2.4594159987442008E-008
  0.85499999999999998        3.0459209096941900E-008
  0.85599999999999998        2.7936941691057440E-008
  0.85699999999999998        1.7721895011456942E-008
  0.85799999999999998        2.6269073511031417E-009
  0.85899999999999999       -1.3191431442241975E-008
  0.85999999999999999       -2.5377347921371938E-008
  0.86099999999999999       -3.0575300640177334E-008
  0.86199999999999999       -2.7353969614417283E-008
  0.86299999999999999       -1.6600387820814446E-008
  0.86399999999999999       -1.2756857959485348E-009
  0.86499999999999999        1.4400291946902898E-008
  0.86599999999999999        2.6110972820482057E-008
  0.86699999999999999        3.0631677326881892E-008
  0.86799999999999999        2.6717574077112064E-008
  0.86899999999999999        1.5446459369993946E-008
  0.87000000000000000       -7.8027227570684037E-011
  0.87100000000000000       -1.5581028071766850E-008
  0.87200000000000000       -2.6793601884286866E-008
  0.87300000000000000       -3.0628229050999892E-008
  0.87400000000000000       -2.6028997986567428E-008
  0.87500000000000000       -1.4262363330110500E-008
  0.87600000000000000        1.4315878606112193E-009
  0.87700000000000000        1.6731333789196502E-008
  0.87800000000000000        2.7423901909326291E-008
  0.87900000000000000        3.0564962547160127E-008
  0.88000000000000000        2.5289586161038490E-008
  0.88100000000000001        1.3050412290857800E-008
  0.88200000000000001       -2.7823525419548753E-009
  0.88300000000000001       -1.7848962503428365E-008
  0.88400000000000001       -2.8000641892968168E-008
  0.88500000000000001       -3.0442001377522796E-008
  0.88600000000000001       -2.4500782703122975E-008
  0.88700000000000001       -1.1812973243922413E-008
  0.88800000000000001        4.1276831709954567E-009
  0.88900000000000001        1.8931731438269727E-008
  0.89000000000000001        2.8522695437608639E-008
  0.89100000000000001        3.0259585690457753E-008
  0.89200000000000002        2.3664128179367502E-008
  0.89300000000000002        1.0552462960149035E-008
  0.89400000000000002       -5.4649522600609764E-009
  0.89500000000000002       -1.9977525900152639E-008
  0.89600000000000002       -2.8989042950574294E-008
  0.89700000000000002       -3.0018071751524242E-008
  0.89800000000000002       -2.2781256611476079E-008
  0.89900000000000002       -9.2713432694845191E-009
  0.90000000000000002        6.7915480660082820E-009
  0.90100000000000002        2.0984303408220218E-008
  0.90200000000000002        2.9398773635429838E-008
  0.90300000000000002        2.9717931247669336E-008
  0.90400000000000003        2.1853892284996402E-008
  0.90500000000000003        7.9721162529198946E-009
  0.90600000000000003       -8.1048796910679848E-009
  0.90700000000000003       -2.1950097683378065E-008
  0.90800000000000003       -2.9751087270802247E-008
  0.90900000000000003       -2.9359750366003197E-008
  0.91000000000000003       -2.0883846381717334E-008
  0.91100000000000003       -6.6573193558202716E-009
  0.91200000000000003        9.4023821429775251E-009
  0.91300000000000003        2.2873022488520753E-008
  0.91400000000000003        3.0045295773246577E-008
  0.91500000000000004        2.8944228648951051E-008
  0.91600000000000004        1.9873013442354099E-008
  0.91700000000000004        5.3295204321865222E-009
  0.91800000000000004       -1.0681521344519642E-008
  0.91900000000000004       -2.3751275312432470E-008
  0.92000000000000004       -3.0280824541102549E-008
  0.92100000000000004       -2.8472177628017069E-008
  0.92200000000000004       -1.8823367666430048E-008
  0.92300000000000004       -3.9913127295277650E-009
  0.92400000000000004        1.1939799082682324E-008
  0.92500000000000004        2.4583140890168084E-008
  0.92600000000000005        3.0457213576715641E-008
  0.92700000000000005        2.7944519238829025E-008
  0.92800000000000005        1.7736959056581485E-008
  0.92900000000000005        2.6453098241392629E-009
  0.93000000000000005       -1.3174757887774864E-008
  0.93100000000000005       -2.5366994553037853E-008
  0.93200000000000005       -3.0574118384831941E-008
  0.93300000000000005       -2.7362284020559040E-008
  0.93400000000000005       -1.6615909414815634E-008
  0.93500000000000005       -1.2941405166771804E-009
  0.93600000000000005        1.4383985832969899E-008
  0.93700000000000006        2.6101305401654415E-008
  0.93800000000000006        3.0631310645412223E-008
  0.93900000000000006        2.6726609103236828E-008
  0.94000000000000006        1.5462408198541576E-008
  0.94100000000000006       -5.9556302000366490E-011
  0.94200000000000006       -1.5565121244898745E-008
  0.94300000000000006       -2.6784639295843967E-008
  0.94400000000000006       -3.0628678659550336E-008
  0.94500000000000006       -2.6038735986886657E-008
  0.94600000000000006       -1.4278708244467290E-008
  0.94700000000000006        1.4131368046988232E-009
  0.94800000000000006        1.6715857316099573E-008
  0.94900000000000007        2.7415661655582719E-008
  0.95000000000000007        3.0566227567626073E-008
  0.95100000000000007        2.5300008116825333E-008
  0.95200000000000007        1.3067121368714067E-008
  0.95300000000000007       -2.7639573913937383E-009
  0.95400000000000007       -1.7833946610309750E-008
  0.95500000000000007       -2.7993140067488422E-008
  0.95600000000000007       -3.0444079339265852E-008
  0.95700000000000007       -2.4511868259856555E-008
  0.95800000000000007       -1.1830013851741729E-008
  0.95900000000000007        4.1093798522933434E-009
  0.95999999999999996        1.8917205451804366E-008
  0.96099999999999997        2.8515946691775423E-008
  0.96199999999999997        3.0262472535130556E-008
  0.96299999999999997        2.3675855686486220E-008
  0.96399999999999997        1.0569801816902924E-008
  0.96499999999999997       -5.4467765203741573E-009
  0.96599999999999997       -1.9963518190207076E-008
  0.96699999999999997       -2.8983060464973891E-008
  0.96799999999999997       -3.0021761840997006E-008
  0.96899999999999997       -2.2793603164662038E-008
  0.96999999999999997       -9.2889465116517215E-009
  0.97099999999999997        6.7735354033258409E-009
  0.97199999999999998        2.0970841332444939E-008
  0.97299999999999998        2.9393569094109973E-008
  0.97399999999999998        2.9722417375041033E-008
  0.97499999999999998        2.1866833770908604E-008
  0.97599999999999998        7.9899495006232189E-009
  0.97699999999999998       -8.0870652848826664E-009
  0.97799999999999998       -2.1937207533777032E-008
  0.97899999999999998       -2.9746670838452344E-008
  0.97999999999999998       -2.9365023769677259E-008
  0.98099999999999998       -2.0897357525085898E-008
  0.98199999999999998       -6.6753477799720030E-009
  0.98299999999999998        9.3848007855787962E-009
  0.98399999999999999        2.2860729440101771E-008
  0.98499999999999999        3.0041676075345991E-008
  0.98599999999999999        2.8950279029746792E-008
  0.98699999999999999        1.9887067855344027E-008
  0.98799999999999999        5.3477088225110702E-009
  0.98899999999999999       -1.0664207373042758E-008
  0.98999999999999999       -2.3739603374039531E-008
  0.99099999999999999       -3.0278008647074585E-008
  0.99199999999999999       -2.8478993169284661E-008
  0.99299999999999999       -1.8837937900177815E-008
  0.99399999999999999       -4.0096255633288515E-009
  0.99500000000000000        1.1922786312046605E-008
  0.99600000000000000        2.4572112857590967E-008
  0.99700000000000000        3.0455206986120492E-008
  0.99800000000000000        2.7952086629527829E-008
  0.99900000000000000        1.7752016654703209E-008
